#DAT file by SAXSII - Timestamp: 09/12/2024 14:40:48
radial-q_A^-1,intensity,sigma
0.00012720999243161018,6379125.5,827.9457
0.0002797691318333428,6133578.0,536.7917
0.00043232827123507536,5865165.0,422.9374
0.000584887410636808,5506468.5,348.5763
0.0007374465500385405,5067404.5,294.82605
0.0008900056894402731,4566645.0,254.28046
0.0010425648288420058,4036757.0,221.195
0.0011951239682437384,3510393.0,194.76297
0.001347683107645471,2981880.2,170.92062
0.0015002422470472036,2455616.2,146.29274
0.001652801386448936,1951214.0,122.56357
0.0018053605258506686,1492819.2,101.60889
0.0019579196652524016,1099005.8,83.63293
0.002110478804654134,772727.75,68.310936
0.0022630379440558668,518653.78,55.015415
0.002415597083457599,330844.84,42.549072
0.002568156222859332,200477.83,31.58348
0.0027207153622610643,119215.07,23.390509
0.0028732745016627967,69187.51,17.261303
0.0030258336410645295,39160.395,12.72909
0.003178392780466262,21712.363,9.38907
0.0033309519198679947,11493.921,6.686548
0.003483511059269727,5853.9375,4.6352634
0.0036360701986714594,2840.323,3.1410894
0.0037886293380731927,1314.9618,2.078298
0.003941188477474925,595.2362,1.3731011
0.004093747616876658,264.81287,0.9067321
0.004246306756278391,117.77781,0.5978884
0.004398865895680123,51.140133,0.3847606
0.004551425035081855,22.70174,0.25135264
0.004703984174483589,10.392419,0.16795829
0.004856543313885321,4.9719763,0.115860395
0.005009102453287053,2.7020915,0.08623815
0.005161661592688786,1.731098,0.06987914
0.005314220732090518,1.3474851,0.06239391
0.005466779871492251,1.1316808,0.057957325
0.005619339010893984,1.1368854,0.058007058
0.005771898150295716,0.9137061,0.053585887
0.0059244572896974485,0.95406884,0.054289784
0.006077016429099181,0.81744033,0.052305385
0.006229575568500914,0.7658854,0.050499145
0.006382134707902647,0.7133279,0.049558483
0.00653469384730438,0.6594551,0.04848947
0.006687252986706112,0.5817519,0.04728555
0.0068398121261078445,0.5167166,0.045796026
0.006992371265509577,0.48967436,0.04542541
0.00714493040491131,0.49078012,0.044736244
0.0072974895443130424,0.47390053,0.044062734
0.0074500486837147765,0.46089113,0.043842155
0.007602607823116509,0.438111,0.042677954
0.007755166962518241,0.423146,0.04190835
0.007907726101919975,0.396318,0.04180949
0.008060285241321706,0.37885147,0.040945947
0.00821284438072344,0.37359333,0.04069413
0.00836540352012517,0.3580314,0.040176045
0.008517962659526904,0.29819548,0.039476197
0.008670521798928637,0.3011609,0.03928712
0.008823080938330369,0.30011547,0.03912677
0.008975640077732102,0.31219688,0.03831252
0.009128199217133834,0.31071663,0.038315628
0.009280758356535567,0.2742447,0.03785125
0.0094333174959373,0.29249236,0.037599012
0.009585876635339032,0.27945772,0.0373172
0.009738435774740765,0.27829677,0.0369717
0.009890994914142498,0.2735579,0.03647192
0.01004355405354423,0.21097782,0.036105867
0.010196113192945963,0.20589843,0.03577865
0.010348672332347694,0.22662388,0.035611074
0.010501231471749427,0.222899,0.035415243
0.01065379061115116,0.22248766,0.035233073
0.010806349750552892,0.21375,0.0347785
0.010958908889954625,0.18572585,0.0344008
0.011111468029356357,0.21790108,0.034347836
0.01126402716875809,0.23424038,0.034088332
0.011416586308159823,0.23252365,0.033800248
0.011569145447561555,0.21934076,0.033739097
0.011721704586963288,0.2097408,0.033332605
0.01187426372636502,0.1911199,0.03308124
0.012026822865766753,0.19496222,0.032929476
0.012179382005168486,0.21057186,0.0329063
0.012331941144570218,0.20915608,0.03247371
0.012484500283971953,0.16358525,0.03232971
0.012637059423373682,0.1895212,0.032187022
0.012789618562775416,0.1867684,0.031926923
0.012942177702177147,0.18521039,0.031671807
0.01309473684157888,0.18437658,0.031589437
0.013247295980980612,0.17777047,0.031304043
0.013399855120382345,0.1601751,0.031101653
0.013552414259784077,0.16799673,0.030972123
0.013704973399185812,0.15695943,0.03069269
0.013857532538587541,0.1713154,0.030570667
0.014010091677989276,0.18122976,0.0304683
0.014162650817391008,0.15523948,0.030304737
0.014315209956792741,0.17574517,0.030131193
0.014467769096194473,0.16199443,0.029933067
0.014620328235596206,0.1617535,0.029759137
0.01477288737499794,0.16310132,0.0296355
0.01492544651439967,0.16302676,0.029520605
0.015078005653801406,0.18526709,0.029446749
0.015230564793203137,0.1883897,0.029297771
0.01538312393260487,0.16199918,0.029033568
0.015535683072006602,0.14949782,0.028802322
0.015688242211408337,0.15176983,0.028731931
0.015840801350810067,0.15104322,0.028601024
0.0159933604902118,0.15470159,0.028395634
0.016145919629613533,0.1265099,0.028279314
0.016298478769015266,0.12880422,0.02821359
0.016451037908416996,0.13505816,0.027959675
0.01660359704781873,0.13718967,0.027847305
0.016756156187220463,0.16243838,0.027856454
0.016908715326622196,0.14396761,0.027678344
0.017061274466023926,0.14522271,0.027530525
0.017213833605425662,0.14096445,0.027460245
0.017366392744827392,0.13060574,0.027217278
0.017518951884229125,0.13840072,0.02707707
0.01767151102363086,0.12616129,0.027024863
0.017824070163032592,0.13156113,0.026918638
0.01797662930243432,0.13286814,0.02681563
0.018129188441836055,0.14182739,0.026795374
0.018281747581237788,0.12121771,0.026578847
0.01843430672063952,0.12912342,0.026373966
0.01858686586004125,0.14521699,0.026325792
0.018739424999442988,0.12406764,0.026245857
0.018891984138844718,0.14640634,0.026159767
0.01904454327824645,0.1407713,0.026010124
0.019197102417648184,0.1308194,0.025918163
0.019349661557049917,0.12517339,0.025776453
0.019502220696451647,0.13030967,0.025734825
0.019654779835853384,0.10784371,0.02562847
0.019807338975255117,0.120273754,0.025537109
0.019959898114656847,0.13227932,0.025463164
0.02011245725405858,0.13728133,0.025370717
0.020265016393460313,0.12341165,0.0252092
0.020417575532862046,0.1167466,0.025100682
0.020570134672263776,0.11081896,0.025034407
0.020722693811665513,0.12599036,0.024994198
0.020875252951067243,0.124920845,0.02487034
0.021027812090468976,0.15010607,0.024859762
0.02118037122987071,0.115194336,0.024683496
0.021332930369272442,0.121420555,0.024556896
0.021485489508674172,0.116470195,0.024539083
0.021638048648075905,0.116346724,0.024425862
0.02179060778747764,0.13010754,0.024374386
0.021943166926879372,0.11641891,0.0242489
0.0220957260662811,0.110838875,0.0241849
0.02224828520568284,0.101832926,0.024090543
0.022400844345084568,0.1133374,0.023982173
0.0225534034844863,0.13048705,0.023943566
0.022705962623888035,0.122538604,0.02382656
0.022858521763289768,0.1160125,0.023734264
0.023011080902691498,0.1049456,0.02363401
0.02316364004209323,0.09963639,0.02358005
0.023316199181494964,0.10561522,0.02352557
0.023468758320896697,0.12995395,0.023489108
0.023621317460298427,0.11671535,0.023432687
0.023773876599700164,0.11760066,0.023333237
0.023926435739101894,0.1294565,0.023209069
0.024078994878503627,0.11792608,0.023170859
0.02423155401790536,0.12204592,0.023118068
0.024384113157307093,0.123242535,0.023058355
0.024536672296708823,0.11526489,0.022954866
0.024689231436110556,0.108916484,0.022846108
0.024841790575512293,0.12368165,0.022753326
0.024994349714914023,0.1193263,0.022703081
0.025146908854315753,0.12796204,0.022669354
0.02529946799371749,0.12061676,0.022616323
0.025452027133119223,0.10657418,0.02253948
0.025604586272520952,0.12613168,0.022478117
0.025757145411922686,0.09919385,0.022332987
0.025909704551324422,0.1037686,0.022265092
0.026062263690726152,0.08854978,0.022218864
0.026214822830127882,0.1092707,0.022196429
0.026367381969529615,0.107746094,0.02209217
0.026519941108931352,0.11822772,0.02206555
0.02667250024833308,0.11566586,0.022035804
0.026825059387734815,0.10949161,0.021915086
0.026977618527136545,0.10831673,0.02186794
0.02713017766653828,0.09680336,0.02177324
0.02728273680594001,0.10773864,0.021754777
0.027435295945341744,0.11531527,0.021821428
0.027587855084743474,0.1041386,0.02204921
0.02774041422414521,0.101726495,0.022080233
0.027892973363546944,0.11200155,0.022107337
0.028045532502948674,0.09336353,0.022151943
0.028198091642350404,0.109377645,0.022205204
0.02835065078175214,0.10008678,0.022286456
0.028503209921153874,0.11695805,0.022299787
0.028655769060555603,0.098927885,0.02221379
0.028808328199957337,0.09872773,0.022236958
0.028960887339359073,0.10381142,0.022247149
0.029113446478760803,0.10146487,0.022266263
0.029266005618162533,0.10409874,0.022315387
0.02941856475756427,0.10345019,0.022312205
0.029571123896966003,0.104652025,0.02225563
0.029723683036367732,0.0998226,0.022220857
0.029876242175769466,0.10414362,0.022236446
0.030028801315171202,0.08877735,0.022219416
0.030181360454572932,0.100918345,0.022252379
0.030333919593974662,0.10572985,0.022303175
0.030486478733376395,0.096856005,0.022176873
0.030639037872778132,0.10249052,0.02229847
0.03079159701217986,0.10307084,0.022613058
0.030944156151581595,0.10065949,0.022787478
0.031096715290983325,0.10195863,0.02288176
0.03124927443038506,0.10069326,0.023017764
0.03140183356978679,0.1057922,0.023106825
0.03155439270918852,0.11060951,0.023195064
0.03170695184859026,0.10650312,0.023251245
0.031859510987991994,0.102554925,0.023354838
0.032012070127393724,0.09891206,0.023408553
0.032164629266795454,0.0975506,0.02347932
0.032317188406197184,0.091300346,0.023504907
0.03246974754559892,0.097455524,0.023542318
0.03262230668500065,0.09036107,0.02363849
0.03277486582440239,0.093209386,0.023689693
0.03292742496380412,0.0936058,0.023740852
0.03307998410320585,0.09349168,0.023813114
0.03323254324260758,0.087939434,0.023814136
0.03338510238200931,0.08566999,0.023837296
0.03353766152141104,0.10012599,0.023911128
0.03369022066081278,0.08398845,0.023930775
0.033842779800214516,0.0896855,0.023991514
0.033995338939616246,0.100781955,0.024092585
0.034147898079017976,0.088767335,0.024060572
0.03430045721841971,0.087322414,0.024063617
0.03445301635782144,0.099286325,0.024144601
0.03460557549722317,0.085688554,0.024151096
0.03475813463662491,0.094420314,0.024217414
0.034910693776026645,0.09934088,0.024248451
0.035063252915428375,0.10182745,0.024238471
0.035215812054830105,0.09143234,0.024247339
0.03536837119423184,0.107014894,0.024330596
0.03552093033363357,0.08831839,0.02436349
0.0356734894730353,0.08640554,0.024350984
0.03582604861243704,0.104096785,0.024419477
0.035978607751838775,0.087437205,0.024385724
0.036131166891240504,0.089741066,0.024412999
0.036283726030642234,0.09384282,0.024499604
0.036436285170043964,0.08210832,0.024574151
0.0365888443094457,0.10034682,0.025009826
0.03674140344884743,0.088511914,0.025413172
0.03689396258824917,0.08363946,0.025662621
0.0370465217276509,0.08934299,0.02584902
0.037199080867052634,0.09890154,0.026000055
0.03735164000645436,0.08784312,0.026211925
0.03750419914585609,0.088379204,0.0263925
0.03765675828525783,0.07912676,0.026640883
0.037809317424659566,0.06485949,0.026838094
0.037961876564061296,0.070975296,0.026936814
0.038114435703463026,0.07806459,0.027072003
0.038266994842864756,0.08706205,0.027172564
0.03841955398226649,0.084544316,0.027384225
0.03857211312166822,0.08102992,0.027616134
0.03872467226106996,0.07102643,0.02775615
0.03887723140047169,0.07704806,0.027889408
0.039029790539873425,0.06652957,0.027967623
0.039182349679275155,0.06612807,0.028105034
0.039334908818676885,0.074291624,0.028293608
0.03948746795807862,0.08726974,0.02847398
0.03964002709748035,0.076115824,0.028640257
0.03979258623688209,0.07559864,0.028805908
0.03994514537628382,0.083967716,0.028900383
0.040097704515685555,0.096419,0.029003024
0.040250263655087284,0.092613444,0.029206252
0.040402822794489014,0.09690987,0.029389665
0.040555381933890744,0.10032068,0.029600725
0.04070794107329248,0.08667718,0.029692132
0.04086050021269422,0.08501836,0.029745428
0.04101305935209595,0.08574029,0.029864348
0.04116561849149768,0.09742183,0.030041715
0.041318177630899414,0.08318912,0.030170277
0.04147073677030114,0.08546826,0.029915633
0.04162329590970287,0.085751384,0.029160379
0.04177585504910461,0.08349876,0.028719354
0.04192841418850635,0.0845662,0.028511211
0.042080973327908076,0.089233205,0.028338676
0.042233532467309806,0.08361598,0.028138613
0.042386091606711536,0.095467016,0.028006118
0.04253865074611327,0.0879578,0.027867895
0.042691209885515,0.08283755,0.027733674
0.04284376902491674,0.083702,0.027631812
0.04299632816431847,0.09308208,0.027615009
0.043148887303720206,0.09053041,0.027429624
0.043301446443121935,0.0836309,0.02737445
0.043454005582523665,0.08517249,0.027341349
0.043606564721925395,0.09079716,0.027236916
0.04375912386132713,0.08682244,0.027131941
0.04391168300072887,0.09453682,0.027091589
0.0440642421401306,0.09471576,0.027042858
0.044216801279532335,0.08117736,0.026982764
0.044369360418934065,0.091680154,0.026921105
0.044521919558335794,0.08177866,0.02681922
0.044674478697737524,0.08831528,0.026778994
0.04482703783713926,0.09367216,0.026749365
0.044979596976541,0.093705006,0.026722051
0.04513215611594273,0.09345334,0.02666761
0.04528471525534446,0.085399814,0.026616797
0.045437274394746194,0.08945901,0.0265323
0.045589833534147924,0.09146532,0.026486397
0.04574239267354965,0.08552716,0.026420517
0.04589495181295139,0.09633242,0.026345422
0.04604751095235313,0.081767865,0.026269525
0.046200070091754857,0.08808581,0.026227092
0.046352629231156586,0.08954702,0.026097998
0.046505188370558316,0.092271976,0.026070531
0.04665774750996005,0.085723996,0.025994865
0.04681030664936178,0.08183141,0.02590633
0.04696286578876352,0.091672376,0.025862442
0.04711542492816525,0.08274438,0.025802106
0.047267984067566986,0.09281444,0.025699085
0.047420543206968715,0.08995613,0.025665257
0.047573102346370445,0.0832225,0.02558583
0.047725661485772175,0.09637876,0.02548331
0.04787822062517391,0.08130449,0.025438398
0.04803077976457565,0.07514834,0.025407106
0.04818333890397738,0.079861015,0.02534018
0.04833589804337911,0.08541288,0.025251081
0.048488457182780845,0.083974294,0.02520665
0.048641016322182574,0.08521069,0.02517856
0.048793575461584304,0.07746038,0.02509586
0.04894613460098604,0.08509621,0.0250177
0.04909869374038778,0.07642525,0.024920993
0.04925125287978951,0.07401535,0.024896799
0.04940381201919124,0.06937327,0.02483021
0.049556371158592974,0.08187985,0.024784382
0.049708930297994704,0.08311301,0.024746561
0.04986148943739643,0.08265801,0.024718445
0.05001404857679817,0.07317237,0.024668902
0.0501666077161999,0.066659555,0.024648497
0.05031916685560163,0.06642952,0.024629151
0.05047172599500337,0.075841345,0.024615599
0.0506242851344051,0.06655548,0.024592478
0.05077684427380683,0.07626374,0.024593042
0.05092940341320856,0.06431019,0.024516711
0.0510819625526103,0.07704839,0.02447726
0.05123452169201203,0.082609564,0.024535963
0.05138708083141376,0.07209386,0.024484385
0.05153963997081549,0.07798501,0.02447394
0.05169219911021723,0.0785758,0.02447394
0.05184475824961896,0.06740969,0.024403946
0.05199731738902069,0.0724076,0.024342
0.05214987652842243,0.08039888,0.02436163
0.05230243566782416,0.076498486,0.024361972
0.05245499480722589,0.06356564,0.024312494
0.05260755394662762,0.06863492,0.024338579
0.05276011308602935,0.081143044,0.024265558
0.05291267222543109,0.07988019,0.024246765
0.05306523136483282,0.06725913,0.02420831
0.05321779050423456,0.080317035,0.02423043
0.05337034964363629,0.07604935,0.024257952
0.05352290878303802,0.07339385,0.024184957
0.05367546792243975,0.0803012,0.024147255
0.05382802706184148,0.07748139,0.024122613
0.05398058620124322,0.08663479,0.024120793
0.05413314534064495,0.073756024,0.024107825
0.05428570448004669,0.06854742,0.024056613
0.05443826361944842,0.065560214,0.024027126
0.05459082275885015,0.06984503,0.02405647
0.054743381898251876,0.08137005,0.024006048
0.054895941037653606,0.07430655,0.023976222
0.05504850017705534,0.066908546,0.02399998
0.05520105931645708,0.06988247,0.023947764
0.055353618455858816,0.059878573,0.023946006
0.055506177595260546,0.07148867,0.023938028
0.055658736734662276,0.07241799,0.023853308
0.055811295874064006,0.06767991,0.023840794
0.055963855013465735,0.07779889,0.023878578
0.05611641415286747,0.07816218,0.023801887
0.0562689732922692,0.08093149,0.023805521
0.056421532431670945,0.07828258,0.023810452
0.056574091571072675,0.075920045,0.023762098
0.056726650710474405,0.07548939,0.023780257
0.056879209849876135,0.077637695,0.023744525
0.057031768989277865,0.08443516,0.023707876
0.0571843281286796,0.075281784,0.023704275
0.05733688726808133,0.07124736,0.023670075
0.05748944640748306,0.07780035,0.023627857
0.057642005546884804,0.08098757,0.023609232
0.057794564686286534,0.07356372,0.023608193
0.057947123825688264,0.079774074,0.023612304
0.058099682965089994,0.07761058,0.023581203
0.05825224210449173,0.06744819,0.023571633
0.05840480124389346,0.08062568,0.023530679
0.05855736038329519,0.07201965,0.02350236
0.058709919522696934,0.060518388,0.023480492
0.05886247866209866,0.06757016,0.023489013
0.05901503780150039,0.06774261,0.023464065
0.05916759694090212,0.070623584,0.02343598
0.05932015608030386,0.07361522,0.023370964
0.05947271521970559,0.068840906,0.023402667
0.05962527435910732,0.07384818,0.023391286
0.05977783349850905,0.074909724,0.023356255
0.05993039263791079,0.086565614,0.023350272
0.06008295177731252,0.070490524,0.023351844
0.06023551091671425,0.083720975,0.023317305
0.06038807005611599,0.08596112,0.023283683
0.06054062919551772,0.07632827,0.023282483
0.06069318833491945,0.06904976,0.023255927
0.06084574747432118,0.06653721,0.023235511
0.06099830661372291,0.059171647,0.023215389
0.06115086575312465,0.06912582,0.023187531
0.06130342489252638,0.079914376,0.023152849
0.06145598403192812,0.06596134,0.023161478
0.06160854317132985,0.06641749,0.023163624
0.06176110231073158,0.06533744,0.023111688
0.06191366145013331,0.06813944,0.023114681
0.06206622058953504,0.07010435,0.023067238
0.062218779728936774,0.073563844,0.023040732
0.06237133886833851,0.07115439,0.023014963
0.06252389800774025,0.06292451,0.023022015
0.06267645714714197,0.06297137,0.023004247
0.0628290162865437,0.069203936,0.023020357
0.06298157542594544,0.07401647,0.02294709
0.06313413456534717,0.07968254,0.02293857
0.0632866937047489,0.06955822,0.022941904
0.06343925284415063,0.066811085,0.022917714
0.06359181198355238,0.07930677,0.022915635
0.0637443711229541,0.078779966,0.022910908
0.06389693026235584,0.084037766,0.022851385
0.06404948940175757,0.10490571,0.022855476
0.0642020485411593,0.08785429,0.022850886
0.06435460768056103,0.09104976,0.022847638
0.06450716681996276,0.06549709,0.022801919
0.0646597259593645,0.06864857,0.022770427
0.06481228509876623,0.07166983,0.022740468
0.06496484423816797,0.059413515,0.022711162
0.0651174033775697,0.061247837,0.022703014
0.06526996251697142,0.06685563,0.022701532
0.06542252165637316,0.0661048,0.022691319
0.06557508079577488,0.062686265,0.022705331
0.06572763993517662,0.058368746,0.022660531
0.06588019907457836,0.0664603,0.02262216
0.0660327582139801,0.06502228,0.022592803
0.06618531735338183,0.07829454,0.022604313
0.06633787649278355,0.074649274,0.022584971
0.06649043563218529,0.057277203,0.022572089
0.06664299477158701,0.068325736,0.02258453
0.06679555391098875,0.06013262,0.022512259
0.06694811305039049,0.061789118,0.022507783
0.06710067218979222,0.06281976,0.022526365
0.06725323132919396,0.049855,0.022476388
0.06740579046859568,0.058140066,0.02247291
0.06755834960799742,0.06336661,0.022477781
0.06771090874739914,0.070341945,0.022434957
0.06786346788680088,0.07004769,0.022394966
0.06801602702620262,0.06673081,0.02240695
0.06816858616560434,0.06354173,0.022378735
0.06832114530500609,0.06312681,0.022393541
0.06847370444440781,0.06438104,0.022374718
0.06862626358380955,0.06237051,0.0223475
0.06877882272321127,0.05636017,0.022309717
0.06893138186261301,0.048677262,0.022298798
0.06908394100201475,0.069697805,0.022315739
0.06923650014141647,0.06409853,0.022268398
0.06938905928081822,0.066492476,0.022260532
0.06954161842021994,0.0759098,0.022249565
0.06969417755962168,0.060196474,0.022204405
0.0698467366990234,0.06445002,0.022210125
0.06999929583842514,0.0743528,0.02220094
0.07015185497782687,0.08451446,0.022200562
0.0703044141172286,0.0670072,0.022204587
0.07045697325663033,0.06940349,0.022136489
0.07060953239603207,0.0723372,0.022126572
0.07076209153543381,0.0728277,0.022104468
0.07091465067483553,0.08371575,0.022128614
0.07106720981423727,0.059442468,0.022091782
0.071219768953639,0.06609963,0.022101676
0.07137232809304073,0.06961543,0.02205762
0.07152488723244246,0.06894425,0.02201024
0.07167744637184419,0.069206804,0.022013655
0.07183000551124594,0.074658595,0.022030454
0.07198256465064766,0.06741865,0.02198708
0.0721351237900494,0.06323034,0.02197902
0.07228768292945113,0.0706551,0.021952152
0.07244024206885286,0.0718895,0.02191698
0.07259280120825459,0.060726076,0.021914326
0.07274536034765632,0.056934062,0.021899553
0.07289791948705805,0.065334104,0.0219169
0.07305047862645979,0.057893418,0.021906618
0.07320303776586153,0.06575218,0.02185621
0.07335559690526326,0.055157818,0.021812838
0.07350815604466499,0.077516034,0.021848723
0.07366071518406672,0.06970989,0.021862028
0.07381327432346844,0.0630183,0.021807142
0.07396583346287018,0.069060914,0.021832082
0.07411839260227192,0.07800038,0.021820942
0.07427095174167365,0.077955425,0.02179164
0.07442351088107539,0.06702605,0.021736784
0.07457607002047711,0.067485265,0.021722998
0.07472862915987885,0.06646777,0.021703944
0.07488118829928057,0.06473389,0.021714743
0.07503374743868231,0.066749506,0.021693734
0.07518630657808405,0.059743296,0.021643225
0.07533886571748578,0.056846835,0.021649871
0.07549142485688752,0.06352339,0.021662448
0.07564398399628924,0.06023039,0.021617195
0.07579654313569098,0.065685645,0.021619175
0.07594910227509272,0.064770564,0.021597417
0.07610166141449444,0.061990283,0.02158177
0.07625422055389618,0.061357874,0.0215405
0.0764067796932979,0.057514124,0.02154201
0.07655933883269965,0.06933546,0.02153998
0.07671189797210137,0.06231299,0.021536293
0.07686445711150311,0.069843456,0.021529691
0.07701701625090485,0.06389811,0.021474404
0.07716957539030657,0.06734478,0.021471724
0.0773221345297083,0.07472611,0.021507991
0.07747469366911003,0.06891869,0.021455443
0.07762725280851177,0.07451908,0.02145162
0.0777798119479135,0.07264761,0.021413073
0.07793237108731524,0.055594776,0.021391014
0.07808493022671698,0.058968455,0.021369128
0.0782374893661187,0.06380889,0.02136374
0.07839004850552043,0.06131014,0.02136063
0.07854260764492216,0.06300807,0.02136246
0.0786951667843239,0.068347156,0.021351798
0.07884772592372563,0.07165665,0.021319497
0.07900028506312737,0.066744335,0.021281658
0.0791528442025291,0.06420836,0.021308236
0.07930540334193083,0.07154139,0.021311548
0.07945796248133256,0.06598331,0.021263296
0.07961052162073429,0.054579534,0.021276148
0.07976308076013602,0.06551325,0.021224381
0.07991563989953776,0.06921512,0.021193232
0.0800681990389395,0.05984251,0.021191651
0.08022075817834123,0.062590696,0.02119172
0.08037331731774296,0.060806703,0.021206921
0.0805258764571447,0.06467361,0.021179102
0.08067843559654642,0.06892939,0.021140987
0.08083099473594815,0.07111305,0.021114575
0.08098355387534989,0.06900129,0.02111579
0.08113611301475161,0.06949012,0.021108322
0.08128867215415336,0.06723552,0.021109274
0.08144123129355509,0.068600416,0.021090426
0.08159379043295682,0.071009405,0.021068506
0.08174634957235855,0.065013096,0.021014767
0.08189890871176028,0.06785452,0.021053022
0.08205146785116202,0.054691873,0.021030042
0.08220402699056374,0.054880034,0.02101198
0.08235658612996548,0.058302958,0.021003937
0.08250914526936722,0.0714039,0.020969436
0.08266170440876895,0.0650765,0.02095096
0.08281426354817067,0.061065447,0.020951612
0.08296682268757241,0.06246027,0.020960104
0.08311938182697415,0.06278594,0.020926885
0.08327194096637587,0.05809909,0.020907918
0.08342450010577761,0.054811466,0.020910922
0.08357705924517934,0.052845426,0.020862114
0.08372961838458108,0.06767838,0.020897351
0.0838821775239828,0.06357479,0.020864759
0.08403473666338454,0.06613421,0.020843716
0.08418729580278628,0.062322874,0.020849446
0.084339854942188,0.069755435,0.020851817
0.08449241408158974,0.068679236,0.020813614
0.08464497322099146,0.060122672,0.020793496
0.08479753236039321,0.06643605,0.020798506
0.08495009149979493,0.06363107,0.020778563
0.08510265063919667,0.06270481,0.020769745
0.0852552097785984,0.058767077,0.0207693
0.08540776891800013,0.057054736,0.020700937
0.08556032805740187,0.0547879,0.020720791
0.08571288719680359,0.052769553,0.020700539
0.08586544633620533,0.059667304,0.0207033
0.08601800547560706,0.055950213,0.0206744
0.0861705646150088,0.06139327,0.02066364
0.08632312375441054,0.06832329,0.020670578
0.08647568289381226,0.06822049,0.020639302
0.086628242033214,0.07165164,0.02065791
0.08678080117261572,0.06718486,0.020617016
0.08693336031201745,0.06065997,0.020602953
0.08708591945141919,0.061821245,0.020609632
0.08723847859082093,0.054059125,0.020565026
0.08739103773022266,0.057551,0.020546155
0.08754359686962439,0.052163836,0.020559337
0.08769615600902612,0.05264948,0.020532269
0.08784871514842785,0.068225764,0.020536454
0.08800127428782958,0.06447539,0.02052464
0.08815383342723132,0.06900469,0.02048259
0.08830639256663306,0.06552437,0.020482717
0.0884589517060348,0.06798683,0.02047994
0.08861151084543652,0.07096554,0.020461254
0.08876406998483825,0.06100576,0.020459617
0.08891662912423998,0.060466453,0.020454265
0.08906918826364171,0.061615583,0.020411994
0.08922174740304345,0.060665384,0.020390896
0.08937430654244517,0.05962777,0.020400029
0.08952686568184692,0.057414297,0.02038115
0.08967942482124865,0.059315402,0.020373492
0.08983198396065038,0.055098247,0.020374082
0.0899845431000521,0.062063638,0.020343494
0.09013710223945384,0.058684636,0.020315735
0.09028966137885558,0.054186907,0.020326978
0.0904422205182573,0.06317706,0.020312142
0.09059477965765904,0.06624316,0.0202956
0.09074733879706078,0.054072477,0.020286774
0.09089989793646251,0.061187096,0.020289747
0.09105245707586423,0.054318216,0.020250518
0.09120501621526597,0.065430775,0.020247584
0.09135757535466771,0.064628124,0.020234058
0.09151013449406943,0.07547357,0.02022216
0.09166269363347117,0.07040056,0.020248042
0.09181525277287289,0.065035395,0.020193035
0.09196781191227464,0.068055324,0.020165317
0.09212037105167636,0.062787,0.02016418
0.0922729301910781,0.06347731,0.020181656
0.09242548933047984,0.058542144,0.020155001
0.09257804846988156,0.06751566,0.02016392
0.0927306076092833,0.06965784,0.020132214
0.09288316674868502,0.06671408,0.020104907
0.09303572588808677,0.053839795,0.020104269
0.0931882850274885,0.054660056,0.020101765
0.09334084416689023,0.057694063,0.020074563
0.09349340330629197,0.068941586,0.020078843
0.09364596244569369,0.072146736,0.020075737
0.09379852158509543,0.059055563,0.020025227
0.09395108072449715,0.053873908,0.020046927
0.09410363986389889,0.05832938,0.020033618
0.09425619900330062,0.06380765,0.020017516
0.09440875814270236,0.06369946,0.020010456
0.0945613172821041,0.057828028,0.019981312
0.09471387642150582,0.057008512,0.01995599
0.09486643556090756,0.067005716,0.019964868
0.09501899470030928,0.06091005,0.019949673
0.09517155383971102,0.07355682,0.019935416
0.09532411297911275,0.07290079,0.01993637
0.09547667211851449,0.0742112,0.019947238
0.09562923125791623,0.065503456,0.019880105
0.09578179039731795,0.0692901,0.01988507
0.09593434953671968,0.07041424,0.01990286
0.09608690867612141,0.070716396,0.01989316
0.09623946781552314,0.060980998,0.019872203
0.09639202695492488,0.058321543,0.019836286
0.0965445860943266,0.055304002,0.01981666
0.09669714523372835,0.06780381,0.019831946
0.09684970437313008,0.060653124,0.019833175
0.09700226351253181,0.065749265,0.019815678
0.09715482265193354,0.06388845,0.019805105
0.09730738179133527,0.06476162,0.019787708
0.09745994093073701,0.055629533,0.019739255
0.09761250007013873,0.060278118,0.019733
0.09776505920954047,0.057105098,0.01975903
0.0979176183489422,0.054544665,0.019746002
0.09807017748834394,0.06389864,0.019751761
0.09822273662774567,0.055773303,0.019723127
0.0983752957671474,0.059010144,0.019690046
0.09852785490654914,0.061248265,0.01967086
0.09868041404595086,0.056709807,0.019670261
0.0988329731853526,0.06533202,0.019688625
0.09898553232475434,0.054623973,0.019654028
0.09913809146415607,0.06000381,0.019664861
0.0992906506035578,0.058540806,0.019601513
0.09944320974295953,0.06171911,0.019605055
0.09959576888236127,0.061246455,0.019602966
0.09974832802176299,0.054277375,0.019585036
0.09990088716116473,0.060833514,0.01960404
0.10005344630056645,0.06130747,0.01959746
0.10020600543996819,0.062670805,0.019546034
0.10035856457936992,0.0614093,0.01952833
0.10051112371877165,0.07755487,0.019566823
0.10066368285817338,0.06228745,0.019536411
0.10081624199757513,0.046038438,0.019528022
0.10096880113697687,0.06102166,0.019528527
0.1011213602763786,0.066764906,0.019487249
0.10127391941578033,0.06130693,0.019471584
0.10142647855518205,0.06400738,0.019466769
0.10157903769458379,0.068747945,0.019474372
0.10173159683398553,0.062599845,0.019462634
0.10188415597338725,0.06400854,0.019464437
0.10203671511278899,0.062283147,0.019459708
0.10218927425219071,0.06614243,0.019403853
0.10234183339159245,0.059527613,0.01940888
0.10249439253099418,0.06365679,0.01941274
0.1026469516703959,0.052331366,0.01938198
0.10279951080979764,0.05754053,0.019390441
0.10295206994919937,0.06556415,0.01937246
0.10310462908860113,0.05461267,0.019337025
0.10325718822800285,0.053025704,0.019332424
0.10340974736740459,0.05666414,0.019332802
0.10356230650680631,0.06362237,0.019335637
0.10371486564620805,0.06317927,0.019337658
0.10386742478560979,0.059884205,0.019313788
0.10401998392501151,0.060782354,0.019266874
0.10417254306441324,0.049193047,0.019274948
0.10432510220381497,0.05040357,0.019275017
0.1044776613432167,0.05716146,0.019262442
0.10463022048261844,0.054011013,0.019269407
0.10478277962202016,0.051659495,0.019240921
0.1049353387614219,0.057194646,0.019219942
0.10508789790082362,0.043251578,0.019223528
0.10524045704022536,0.056973957,0.019218974
0.1053930161796271,0.058114603,0.01919932
0.10554557531902885,0.06348995,0.01922007
0.10569813445843057,0.051531598,0.019183185
0.10585069359783231,0.06534528,0.019150076
0.10600325273723404,0.056738928,0.01915207
0.10615581187663577,0.058095496,0.019170538
0.1063083710160375,0.061581485,0.019139493
0.10646093015543923,0.063325614,0.019152263
0.10661348929484096,0.059759993,0.019124016
0.1067660484342427,0.06064024,0.019085763
0.10691860757364442,0.063847326,0.019091701
0.10707116671304616,0.060264252,0.01909244
0.10722372585244788,0.05391899,0.019086532
0.10737628499184962,0.052621927,0.019335417
0.10752884413125136,0.061723486,0.019636558
0.10768140327065308,0.068265066,0.019853177
0.10783396241005483,0.073817775,0.020048443
0.10798652154945657,0.06754333,0.02020026
0.1081390806888583,0.06234323,0.02029826
0.10829163982826003,0.050239038,0.02035637
0.10844419896766176,0.057437632,0.020439865
0.10859675810706348,0.056599483,0.020815125
0.10874931724646522,0.064904,0.021388445
0.10890187638586696,0.051924735,0.02177353
0.10905443552526868,0.047642205,0.02211066
0.10920699466467042,0.052688155,0.022432983
0.10935955380407214,0.04914869,0.022715356
0.10951211294347388,0.051336247,0.023003042
0.10966467208287561,0.0635274,0.023299908
0.10981723122227734,0.047499392,0.023538454
0.10996979036167907,0.06257417,0.023821965
0.1101223495010808,0.060873076,0.024071006
0.11027490864048256,0.06424107,0.024313055
0.11042746777988428,0.064218275,0.024608023
0.11058002691928602,0.065917164,0.0248341
0.11073258605868774,0.064418465,0.025123132
0.11088514519808948,0.055473827,0.025362907
0.11103770433749122,0.047881987,0.0255996
0.11119026347689294,0.052084126,0.02585697
0.11134282261629468,0.061098866,0.026140014
0.1114953817556964,0.06383785,0.02638036
0.11164794089509814,0.064400986,0.026674783
0.11180050003449987,0.057320785,0.026813712
0.1119530591739016,0.05602784,0.02701754
0.11210561831330333,0.055691212,0.027142411
0.11225817745270505,0.062110253,0.027266107
0.11241073659210679,0.057100415,0.02739626
0.11256329573150854,0.067366354,0.02754386
0.11271585487091028,0.06560224,0.027600953
0.112868414010312,0.06883964,0.027732287
0.11302097314971374,0.068033986,0.027835676
0.11317353228911547,0.06264083,0.027977858
0.1133260914285172,0.063683264,0.02804225
0.11347865056791893,0.057947442,0.02809706
0.11363120970732066,0.05989687,0.028157594
0.1137837688467224,0.053242985,0.028219147
0.11393632798612413,0.05718184,0.028260633
0.11408888712552585,0.06994728,0.02829534
0.11424144626492759,0.06586443,0.028348861
0.11439400540432931,0.068455346,0.028373545
0.11454656454373105,0.058139563,0.028394135
0.11469912368313279,0.05211277,0.028438902
0.11485168282253451,0.06802579,0.028467484
0.11500424196193626,0.06847509,0.028536817
0.115156801101338,0.048777204,0.028569968
0.11530936024073973,0.04887058,0.028680665
0.11546191938014146,0.042719748,0.028766938
0.11561447851954319,0.043766554,0.02889652
0.11576703765894492,0.050462667,0.028969897
0.11591959679834665,0.065823905,0.02912257
0.11607215593774839,0.05239492,0.02921913
0.11622471507715011,0.058128223,0.029272918
0.11637727421655185,0.04923816,0.02938514
0.11652983335595357,0.054486267,0.029468436
0.11668239249535531,0.05862549,0.029561123
0.11683495163475704,0.054833107,0.029671447
0.11698751077415877,0.060141627,0.02976207
0.1171400699135605,0.049301684,0.02986318
0.11729262905296226,0.05870445,0.030014694
0.11744518819236399,0.07260679,0.030112687
0.11759774733176571,0.050429113,0.030170063
0.11775030647116745,0.050520293,0.030277332
0.11790286561056917,0.05524885,0.030402806
0.11805542474997091,0.049735192,0.030492363
0.11820798388937265,0.056912243,0.030617762
0.11836054302877437,0.07057977,0.030684916
0.11851310216817611,0.050764423,0.03078103
0.11866566130757783,0.053054057,0.030904973
0.11881822044697957,0.054605152,0.03098947
0.1189707795863813,0.053762615,0.031166231
0.11912333872578303,0.04898278,0.031222101
0.11927589786518476,0.046812143,0.0312864
0.11942845700458649,0.059838727,0.03145412
0.11958101614398822,0.05884473,0.03154725
0.11973357528338997,0.053620066,0.031633545
0.11988613442279171,0.065906934,0.031731777
0.12003869356219343,0.054724902,0.03186633
0.12019125270159517,0.060116105,0.031935994
0.1203438118409969,0.05227081,0.03212041
0.12049637098039863,0.056273676,0.03216272
0.12064893011980037,0.042849127,0.032298133
0.12080148925920209,0.04148964,0.03237804
0.12095404839860383,0.05697251,0.03247182
0.12110660753800556,0.057562627,0.03258932
0.12125916667740728,0.037569728,0.0326829
0.12141172581680902,0.059629753,0.032766797
0.12156428495621074,0.053703584,0.03291185
0.12171684409561248,0.05014501,0.03302103
0.12186940323501422,0.06596333,0.033124797
0.12202196237441594,0.052186947,0.03324169
0.12217452151381769,0.038442317,0.0333521
0.12232708065321943,0.046092294,0.033435274
0.12247963979262116,0.061680857,0.033604436
0.12263219893202289,0.06190244,0.033690356
0.12278475807142462,0.05598725,0.033824567
0.12293731721082635,0.04732924,0.033928722
0.12308987635022808,0.051598754,0.033992767
0.12324243548962982,0.046356477,0.03413117
0.12339499462903154,0.055541933,0.034244977
0.12354755376843328,0.05453744,0.034338906
0.123700112907835,0.060996577,0.034473695
0.12385267204723674,0.062008496,0.034670833
0.12400523118663848,0.058448847,0.034703262
0.1241577903260402,0.05188856,0.034839906
0.12431034946544194,0.050141864,0.034946613
0.12446290860484369,0.04173101,0.035089657
0.12461546774424542,0.042287864,0.035297643
0.12476802688364715,0.058838237,0.035324138
0.12492058602304888,0.057415985,0.035451278
0.1250731451624506,0.05946385,0.03557205
0.12522570430185234,0.04720673,0.035689734
0.12537826344125408,0.028954152,0.0358347
0.12553082258065582,0.044051155,0.035931744
0.12568338172005752,0.045137253,0.036079448
0.12583594085945926,0.0498748,0.036176335
0.125988499998861,0.038470153,0.036310025
0.12614105913826273,0.041276477,0.036463596
0.12629361827766447,0.06790542,0.03656768
0.12644617741706618,0.055745307,0.03671378
0.12659873655646792,0.055684134,0.036818646
0.12675129569586965,0.043129656,0.03701738
0.12690385483527142,0.03786241,0.037120454
0.12705641397467313,0.0494159,0.03730623
0.12720897311407486,0.052523885,0.03737189
0.1273615322534766,0.042489234,0.03755267
0.12751409139287834,0.03945169,0.037634254
0.12766665053228007,0.043556694,0.03778368
0.12781920967168178,0.033919036,0.037898846
0.12797176881108352,0.042879324,0.03804649
0.12812432795048526,0.04528036,0.03825364
0.128276887089887,0.04613811,0.038320772
0.12842944622928873,0.059980802,0.03847838
0.12858200536869044,0.035580553,0.038630627
0.12873456450809218,0.041203577,0.03879689
0.1288871236474939,0.039835572,0.038975354
0.12903968278689565,0.032337084,0.039068986
0.12919224192629739,0.035059188,0.039200112
0.12934480106569912,0.040484514,0.03937549
0.12949736020510086,0.049287964,0.03951913
0.1296499193445026,0.043836445,0.039692
0.12980247848390433,0.04254534,0.039882895
0.12995503762330604,0.038048543,0.039976243
0.13010759676270778,0.032610726,0.040162764
0.13026015590210951,0.032639205,0.04031885
0.13041271504151125,0.047195498,0.04047432
0.130565274180913,0.05935967,0.040613793
0.1307178333203147,0.04561281,0.040855743
0.13087039245971643,0.039971028,0.040929317
0.13102295159911817,0.0368329,0.041112114
0.1311755107385199,0.034033008,0.04135134
0.13132806987792164,0.027957808,0.041470207
0.13148062901732335,0.04320245,0.04162686
0.13163318815672512,0.03387229,0.041799106
0.13178574729612685,0.033960894,0.041949566
0.1319383064355286,0.029083388,0.04215606
0.1320908655749303,0.032950368,0.042320244
0.13224342471433204,0.03210704,0.04248513
0.13239598385373377,0.044174615,0.04281198
0.1325485429931355,0.03928984,0.042862017
0.13270110213253725,0.031064851,0.043038335
0.13285366127193896,0.021719858,0.043257333
0.1330062204113407,0.03204793,0.043411214
0.13315877955074243,0.06191121,0.043610234
0.13331133869014417,0.0679183,0.043830007
0.1334638978295459,0.0859077,0.043991033
0.1336164569689476,0.060810786,0.04424899
0.13376901610834935,0.04326377,0.044456214
0.1339215752477511,0.048452795,0.044587158
0.13407413438715285,0.040933818,0.04486676
0.13422669352655456,0.02380775,0.045023553
0.1343792526659563,0.023810796,0.045200564
0.13453181180535803,0.04219587,0.04544969
0.13468437094475977,0.03890605,0.04564899
0.1348369300841615,0.045407563,0.045843847
0.1349894892235632,0.06007504,0.046187103
0.13514204836296495,0.04305948,0.046296544
0.1352946075023667,0.044512894,0.04659625
0.13544716664176842,0.04543882,0.046780393
0.13559972578117016,0.035009235,0.046975527
0.13575228492057187,0.05767228,0.04733459
0.1359048440599736,0.024065752,0.047483034
0.13605740319937534,0.027497023,0.047730774
0.13620996233877708,0.042276092,0.04793066
0.13636252147817882,0.018292744,0.048200343
0.13651508061758055,0.022822196,0.048397753
0.1366676397569823,0.030522618,0.04868641
0.13682019889638403,0.028974311,0.04894816
0.13697275803578576,0.015826754,0.04916256
0.13712531717518747,0.026740577,0.049472827
0.1372778763145892,0.022789141,0.049832225
0.13743043545399095,0.031268597,0.049962297
0.13758299459339268,0.03620264,0.05029077
0.13773555373279442,0.050416924,0.05053185
0.13788811287219613,0.054111693,0.050799362
0.13804067201159786,0.049789235,0.05115759
0.1381932311509996,0.047009226,0.051433276
0.13834579029040134,0.066470645,0.051798914
0.13849834942980307,0.042218797,0.052027002
0.1386509085692048,0.04188706,0.052263755
0.13880346770860655,0.056981735,0.05259845
0.13895602684800828,0.041384123,0.05294905
0.13910858598741002,0.035980232,0.053197943
0.13926114512681173,0.06005691,0.0535678
0.13941370426621347,0.05483025,0.053912006
0.1395662634056152,0.035557322,0.05418325
0.13971882254501694,0.019544857,0.05458614
0.13987138168441868,0.02128219,0.054920096
0.1400239408238204,0.03182336,0.05522589
0.14017649996322212,0.0381459,0.055658095
0.14032905910262386,0.043108463,0.055978835
0.1404816182420256,0.025556648,0.056325037
0.14063417738142733,0.038088027,0.05678258
0.14078673652082904,0.03444065,0.057098225
0.14093929566023078,0.03973512,0.057568792
0.14109185479963254,0.027852718,0.05798971
0.14124441393903428,0.03781991,0.058281314
0.141396973078436,0.01714203,0.058729
0.14154953221783773,0.03571458,0.059213378
0.14170209135723946,0.051133253,0.059641387
0.1418546504966412,0.036336657,0.060064312
0.14200720963604294,0.024437936,0.06052773
0.14215976877544464,0.018713232,0.060895238
0.14231232791484638,0.01450736,0.061452694
0.14246488705424812,0.027933659,0.06213848
0.14261744619364985,0.018569175,0.062339794
0.1427700053330516,0.009494732,0.06295047
