#DAT file by SAXSII - Timestamp: 09/12/2024 14:40:48
radial-q_A^-1,intensity,sigma
0.00012720999243161018,6319646.0,824.05743
0.0002797691318333428,6076581.0,534.2858
0.00043232827123507536,5809829.5,420.96262
0.000584887410636808,5454682.5,346.9497
0.0007374465500385405,5023135.0,293.53644
0.0008900056894402731,4530974.0,253.26839
0.0010425648288420058,4009821.0,220.43854
0.0011951239682437384,3491389.2,194.2346
0.001347683107645471,2971061.5,170.61821
0.0015002422470472036,2451953.5,146.19084
0.001652801386448936,1952713.0,122.61527
0.0018053605258506686,1496929.5,101.74669
0.0019579196652524016,1104392.5,83.84022
0.002110478804654134,778571.0,68.57178
0.0022630379440558668,524108.34,55.302006
0.002415597083457599,335156.38,42.821457
0.002568156222859332,203609.12,31.830587
0.0027207153622610643,121226.836,23.591015
0.0028732745016627967,70339.836,17.406982
0.0030258336410645295,39785.176,12.830144
0.003178392780466262,22066.299,9.464348
0.0033309519198679947,11731.009,6.7711434
0.003483511059269727,5916.1826,4.6535196
0.0036360701986714594,2881.4536,3.1658094
0.0037886293380731927,1343.5817,2.1078978
0.003941188477474925,606.3104,1.3886449
0.004093747616876658,268.31677,0.9130519
0.004246306756278391,117.189964,0.5955272
0.004398865895680123,51.911514,0.38829407
0.004551425035081855,23.584343,0.25736764
0.004703984174483589,10.497585,0.16816816
0.004856543313885321,5.13314,0.11743408
0.005009102453287053,2.6665874,0.085202985
0.005161661592688786,1.7428702,0.07028936
0.005314220732090518,1.3825822,0.06293301
0.005466779871492251,1.1762236,0.059273828
0.005619339010893984,1.047881,0.056472357
0.005771898150295716,0.912811,0.053650483
0.0059244572896974485,0.87006825,0.05292756
0.006077016429099181,0.75673884,0.050683532
0.006229575568500914,0.7235721,0.05002916
0.006382134707902647,0.65607864,0.048219092
0.00653469384730438,0.59090126,0.047389872
0.006687252986706112,0.5507766,0.046378653
0.0068398121261078445,0.5254819,0.046319235
0.006992371265509577,0.526204,0.04566679
0.00714493040491131,0.47961408,0.044653542
0.0072974895443130424,0.42125714,0.043451604
0.0074500486837147765,0.45637068,0.043691456
0.007602607823116509,0.4955987,0.043496866
0.007755166962518241,0.4175632,0.042392597
0.007907726101919975,0.37881497,0.04192141
0.008060285241321706,0.37073767,0.041147385
0.00821284438072344,0.3572444,0.040687706
0.00836540352012517,0.30221587,0.039758433
0.008517962659526904,0.30055603,0.039502315
0.008670521798928637,0.3169821,0.03930946
0.008823080938330369,0.3701115,0.039393563
0.008975640077732102,0.2988669,0.038748857
0.009128199217133834,0.29037195,0.03821095
0.009280758356535567,0.30145514,0.037954457
0.0094333174959373,0.2656207,0.037601527
0.009585876635339032,0.27788985,0.037194457
0.009738435774740765,0.25668362,0.036772095
0.009890994914142498,0.24269095,0.036375217
0.01004355405354423,0.1969564,0.03584929
0.010196113192945963,0.1905109,0.03583599
0.010348672332347694,0.20740104,0.03534999
0.010501231471749427,0.18746588,0.035190392
0.01065379061115116,0.20475432,0.035077486
0.010806349750552892,0.22053887,0.034811977
0.010958908889954625,0.22050475,0.03447456
0.011111468029356357,0.21666664,0.034401573
0.01126402716875809,0.22180593,0.0340818
0.011416586308159823,0.17436224,0.033551127
0.011569145447561555,0.17711544,0.033525266
0.011721704586963288,0.20437159,0.033417694
0.01187426372636502,0.20695522,0.033114575
0.012026822865766753,0.18276873,0.032867096
0.012179382005168486,0.1792368,0.032814316
0.012331941144570218,0.19433257,0.03259662
0.012484500283971953,0.2521433,0.03286133
0.012637059423373682,0.21196198,0.032323956
0.012789618562775416,0.18083046,0.032135252
0.012942177702177147,0.18890825,0.031777937
0.01309473684157888,0.18138753,0.03155824
0.013247295980980612,0.1866512,0.031432774
0.013399855120382345,0.1873447,0.031174805
0.013552414259784077,0.18563461,0.03095884
0.013704973399185812,0.18131766,0.030792788
0.013857532538587541,0.19203296,0.030772971
0.014010091677989276,0.18089959,0.030549852
0.014162650817391008,0.16005383,0.030216113
0.014315209956792741,0.1813845,0.03014853
0.014467769096194473,0.18121782,0.0300301
0.014620328235596206,0.18356492,0.029796772
0.01477288737499794,0.17354047,0.02960336
0.01492544651439967,0.16221532,0.029477015
0.015078005653801406,0.17015827,0.029394979
0.015230564793203137,0.16347852,0.029182166
0.01538312393260487,0.15818025,0.029072555
0.015535683072006602,0.14566633,0.028837128
0.015688242211408337,0.15962772,0.02865393
0.015840801350810067,0.14314291,0.028583864
0.0159933604902118,0.13617232,0.02843875
0.016145919629613533,0.14353812,0.028339928
0.016298478769015266,0.1417854,0.028184015
0.016451037908416996,0.14683847,0.028044865
0.01660359704781873,0.1352235,0.027922606
0.016756156187220463,0.16108266,0.027922198
0.016908715326622196,0.14593002,0.027656695
0.017061274466023926,0.14384098,0.027612485
0.017213833605425662,0.15043463,0.027491702
0.017366392744827392,0.14760639,0.027308103
0.017518951884229125,0.13851248,0.027098242
0.01767151102363086,0.1444904,0.027050119
0.017824070163032592,0.14431113,0.02689361
0.01797662930243432,0.124955624,0.026792761
0.018129188441836055,0.14586619,0.026723316
0.018281747581237788,0.1265564,0.026556304
0.01843430672063952,0.13074395,0.0264519
0.01858686586004125,0.14407644,0.026386824
0.018739424999442988,0.14338532,0.026243038
0.018891984138844718,0.13122106,0.02616358
0.01904454327824645,0.13183987,0.026060734
0.019197102417648184,0.13928185,0.025963048
0.019349661557049917,0.14324582,0.025819704
0.019502220696451647,0.11875675,0.025719643
0.019654779835853384,0.12350383,0.025650924
0.019807338975255117,0.13414642,0.025568347
0.019959898114656847,0.12296837,0.025481204
0.02011245725405858,0.108366445,0.02529877
0.020265016393460313,0.12119849,0.025159677
0.020417575532862046,0.12863788,0.025144435
0.020570134672263776,0.124205194,0.02509628
0.020722693811665513,0.11806214,0.024979439
0.020875252951067243,0.11159968,0.0248905
0.021027812090468976,0.111541964,0.02476349
0.02118037122987071,0.11545575,0.024635399
0.021332930369272442,0.12694974,0.024597984
0.021485489508674172,0.11541523,0.024549726
0.021638048648075905,0.11719058,0.02448441
0.02179060778747764,0.13157675,0.024357343
0.021943166926879372,0.11420318,0.024269797
0.0220957260662811,0.12036376,0.024119163
0.02224828520568284,0.12529264,0.024041018
0.022400844345084568,0.11404897,0.024015889
0.0225534034844863,0.1123483,0.023928583
0.022705962623888035,0.11840954,0.023844274
0.022858521763289768,0.118614405,0.023780545
0.023011080902691498,0.12425754,0.023700833
0.02316364004209323,0.11759248,0.02359875
0.023316199181494964,0.12548177,0.0235472
0.023468758320896697,0.11640281,0.02345419
0.023621317460298427,0.12976614,0.023426417
0.023773876599700164,0.107007764,0.023293937
0.023926435739101894,0.1117332,0.023215411
0.024078994878503627,0.11850137,0.023149826
0.02423155401790536,0.10930051,0.023058698
0.024384113157307093,0.105091795,0.02299453
0.024536672296708823,0.10889979,0.022951888
0.024689231436110556,0.10374474,0.022857554
0.024841790575512293,0.10533168,0.022764293
0.024994349714914023,0.1079536,0.022693044
0.025146908854315753,0.10727767,0.022628816
0.02529946799371749,0.11055047,0.022560446
0.025452027133119223,0.111467384,0.022499466
0.025604586272520952,0.11669014,0.02246606
0.025757145411922686,0.102721125,0.022375833
0.025909704551324422,0.10945357,0.022270447
0.026062263690726152,0.10780414,0.022227608
0.026214822830127882,0.10796299,0.022205772
0.026367381969529615,0.10256957,0.022134408
0.026519941108931352,0.105955966,0.022061266
0.02667250024833308,0.116940655,0.021957945
0.026825059387734815,0.09421652,0.021876788
0.026977618527136545,0.09460808,0.021838864
0.02713017766653828,0.115514465,0.021789711
0.02728273680594001,0.11467377,0.021782033
0.027435295945341744,0.10629731,0.021778889
0.027587855084743474,0.10641963,0.02197595
0.02774041422414521,0.10789593,0.022037819
0.027892973363546944,0.10585664,0.022115735
0.028045532502948674,0.10344589,0.022180382
0.028198091642350404,0.10082954,0.022229018
0.02835065078175214,0.10390134,0.022274023
0.028503209921153874,0.10327977,0.022292778
0.028655769060555603,0.09815384,0.022271033
0.028808328199957337,0.09756519,0.02224081
0.028960887339359073,0.12060349,0.022260617
0.029113446478760803,0.11105697,0.02228941
0.029266005618162533,0.09557987,0.022305453
0.02941856475756427,0.10072625,0.02231272
0.029571123896966003,0.093233004,0.022237737
0.029723683036367732,0.1054787,0.022276817
0.029876242175769466,0.09212347,0.022210004
0.030028801315171202,0.088887446,0.022235256
0.030181360454572932,0.09492848,0.022256883
0.030333919593974662,0.09740717,0.02228303
0.030486478733376395,0.09851826,0.022186393
0.030639037872778132,0.10944381,0.022321438
0.03079159701217986,0.104766816,0.022650657
0.030944156151581595,0.09868552,0.02279713
0.031096715290983325,0.0991216,0.022941485
0.03124927443038506,0.08232306,0.023023475
0.03140183356978679,0.087125964,0.02310238
0.03155439270918852,0.09495843,0.023226343
0.03170695184859026,0.10054055,0.023311825
0.031859510987991994,0.08506096,0.023329254
0.032012070127393724,0.08891258,0.023400618
0.032164629266795454,0.098005086,0.023488589
0.032317188406197184,0.097676545,0.023525083
0.03246974754559892,0.08301375,0.023529751
0.03262230668500065,0.09502248,0.023619208
0.03277486582440239,0.0883687,0.023717323
0.03292742496380412,0.10347278,0.023764225
0.03307998410320585,0.08872899,0.023792502
0.03323254324260758,0.09064733,0.02382413
0.03338510238200931,0.08819441,0.023832848
0.03353766152141104,0.08863418,0.023923744
0.03369022066081278,0.09369756,0.023953248
0.033842779800214516,0.09652265,0.024051795
0.033995338939616246,0.09601584,0.024056658
0.034147898079017976,0.084703155,0.024087643
0.03430045721841971,0.08002853,0.02403047
0.03445301635782144,0.09647376,0.024112277
0.03460557549722317,0.090850525,0.02415262
0.03475813463662491,0.084355876,0.024187323
0.034910693776026645,0.09217438,0.024216073
0.035063252915428375,0.09852877,0.024332242
0.035215812054830105,0.08267691,0.024303649
0.03536837119423184,0.07198597,0.024318311
0.03552093033363357,0.064582966,0.024316702
0.0356734894730353,0.085441895,0.024386656
0.03582604861243704,0.08334556,0.024363747
0.035978607751838775,0.09252099,0.024432477
0.036131166891240504,0.09254933,0.024403019
0.036283726030642234,0.088297896,0.024451168
0.036436285170043964,0.08875671,0.024547035
0.0365888443094457,0.07756311,0.024982275
0.03674140344884743,0.081396505,0.025381487
0.03689396258824917,0.081857756,0.02567158
0.0370465217276509,0.076128386,0.025860433
0.037199080867052634,0.08107974,0.026011283
0.03735164000645436,0.08415363,0.026193796
0.03750419914585609,0.08461121,0.026439741
0.03765675828525783,0.09584071,0.026655776
0.037809317424659566,0.10313318,0.02685528
0.037961876564061296,0.102462865,0.02701143
0.038114435703463026,0.1011517,0.027140869
0.038266994842864756,0.07851792,0.02718164
0.03841955398226649,0.08850015,0.027368098
0.03857211312166822,0.09456335,0.02761812
0.03872467226106996,0.09439669,0.027818773
0.03887723140047169,0.09324154,0.027930316
0.039029790539873425,0.07460424,0.027972452
0.039182349679275155,0.081222564,0.028099626
0.039334908818676885,0.092559926,0.02828528
0.03948746795807862,0.09239313,0.02851183
0.03964002709748035,0.10745508,0.028684376
0.03979258623688209,0.08324178,0.028825626
0.03994514537628382,0.08039623,0.028868392
0.040097704515685555,0.08754133,0.029023638
0.040250263655087284,0.08043069,0.029165456
0.040402822794489014,0.09767206,0.02945102
0.040555381933890744,0.094249874,0.029590119
0.04070794107329248,0.077135645,0.029669037
0.04086050021269422,0.09263577,0.029706864
0.04101305935209595,0.10111863,0.02983469
0.04116561849149768,0.106389955,0.030012013
0.041318177630899414,0.09289403,0.030166604
0.04147073677030114,0.10077599,0.029948927
0.04162329590970287,0.0948959,0.029220818
0.04177585504910461,0.09399893,0.028800163
0.04192841418850635,0.09273718,0.028559187
0.042080973327908076,0.08151402,0.028350936
0.042233532467309806,0.08156611,0.028146474
0.042386091606711536,0.08149565,0.027994683
0.04253865074611327,0.07622276,0.027817827
0.042691209885515,0.07921205,0.027696004
0.04284376902491674,0.074106164,0.027644822
0.04299632816431847,0.07843317,0.02753183
0.043148887303720206,0.067199044,0.027442494
0.043301446443121935,0.08656641,0.027425552
0.043454005582523665,0.087155536,0.027334614
0.043606564721925395,0.07357178,0.027159456
0.04375912386132713,0.0785628,0.027136791
0.04391168300072887,0.08214873,0.027093159
0.0440642421401306,0.082316056,0.027049828
0.044216801279532335,0.07145648,0.026984418
0.044369360418934065,0.08823194,0.026915986
0.044521919558335794,0.08538385,0.02678743
0.044674478697737524,0.07947515,0.026786383
0.04482703783713926,0.079700164,0.026754508
0.044979596976541,0.096154355,0.02672948
0.04513215611594273,0.08760366,0.026659062
0.04528471525534446,0.08333184,0.02657492
0.045437274394746194,0.09828417,0.026507035
0.045589833534147924,0.09304392,0.02647134
0.04574239267354965,0.08258093,0.026439844
0.04589495181295139,0.08617633,0.026333738
0.04604751095235313,0.08727446,0.026313562
0.046200070091754857,0.088364586,0.026209842
0.046352629231156586,0.08682392,0.026120998
0.046505188370558316,0.08713092,0.026044477
0.04665774750996005,0.07925323,0.025972059
0.04681030664936178,0.07502475,0.025922673
0.04696286578876352,0.08150815,0.025865007
0.04711542492816525,0.08504378,0.025762608
0.047267984067566986,0.099000886,0.025692202
0.047420543206968715,0.07934866,0.025610872
0.047573102346370445,0.07095323,0.02554368
0.047725661485772175,0.07412258,0.025489561
0.04787822062517391,0.084445804,0.02543613
0.04803077976457565,0.07836201,0.025384942
0.04818333890397738,0.07207148,0.025287615
0.04833589804337911,0.08618078,0.025249906
0.048488457182780845,0.078165874,0.025213642
0.048641016322182574,0.075942904,0.025142794
0.048793575461584304,0.08339295,0.025050763
0.04894613460098604,0.07646638,0.025009753
0.04909869374038778,0.081049375,0.024911206
0.04925125287978951,0.07073631,0.02487299
0.04940381201919124,0.095432,0.024954105
0.049556371158592974,0.08469294,0.02477756
0.049708930297994704,0.09573728,0.024751304
0.04986148943739643,0.10023414,0.024740243
0.05001404857679817,0.08009314,0.024680149
0.0501666077161999,0.07777183,0.024641836
0.05031916685560163,0.06719554,0.024645712
0.05047172599500337,0.067058936,0.02461789
0.0506242851344051,0.07908173,0.024624467
0.05077684427380683,0.07492552,0.024571119
0.05092940341320856,0.08147196,0.02453
0.0510819625526103,0.07892274,0.02448376
0.05123452169201203,0.08300638,0.024485176
0.05138708083141376,0.08208082,0.02447466
0.05153963997081549,0.08391578,0.024495175
0.05169219911021723,0.080062665,0.024447124
0.05184475824961896,0.080422185,0.024419762
0.05199731738902069,0.077440046,0.024371834
0.05214987652842243,0.08418261,0.024407668
0.05230243566782416,0.08614209,0.02435529
0.05245499480722589,0.088155426,0.024322895
0.05260755394662762,0.07793708,0.024339246
0.05276011308602935,0.08385241,0.024249576
0.05291267222543109,0.08732377,0.024235494
0.05306523136483282,0.086494215,0.024212157
0.05321779050423456,0.0774254,0.024232635
0.05337034964363629,0.0882104,0.02423762
0.05352290878303802,0.08473291,0.024186298
0.05367546792243975,0.07419871,0.024164371
0.05382802706184148,0.060249895,0.0240951
0.05398058620124322,0.06916403,0.024094233
0.05413314534064495,0.073753126,0.02408602
0.05428570448004669,0.0830349,0.024060715
0.05443826361944842,0.076475255,0.024053948
0.05459082275885015,0.06911252,0.024028407
0.054743381898251876,0.06336887,0.023966614
0.054895941037653606,0.0712576,0.024004146
0.05504850017705534,0.06306786,0.023991985
0.05520105931645708,0.0692154,0.023952914
0.055353618455858816,0.06245428,0.023927858
0.055506177595260546,0.07367075,0.023914585
0.055658736734662276,0.076235995,0.023852602
0.055811295874064006,0.07263618,0.023856616
0.055963855013465735,0.07424281,0.023850756
0.05611641415286747,0.0788174,0.023844566
0.0562689732922692,0.07788948,0.023824718
0.056421532431670945,0.06967007,0.023795797
0.056574091571072675,0.083217844,0.023745963
0.056726650710474405,0.08591607,0.02373649
0.056879209849876135,0.07833439,0.023723772
0.057031768989277865,0.07555408,0.023682062
0.0571843281286796,0.08039909,0.023737876
0.05733688726808133,0.067686655,0.023689562
0.05748944640748306,0.0730617,0.023647275
0.057642005546884804,0.07076059,0.02361368
0.057794564686286534,0.06921829,0.02364216
0.057947123825688264,0.07974234,0.023600325
0.058099682965089994,0.078299485,0.023575353
0.05825224210449173,0.08406009,0.02358659
0.05840480124389346,0.06714351,0.023497358
0.05855736038329519,0.06755974,0.023473788
0.058709919522696934,0.062249202,0.023488227
0.05886247866209866,0.060081583,0.023464277
0.05901503780150039,0.06809205,0.023474483
0.05916759694090212,0.072191216,0.023458045
0.05932015608030386,0.07134251,0.023387847
0.05947271521970559,0.07621591,0.02339239
0.05962527435910732,0.06953517,0.023373121
0.05977783349850905,0.07841864,0.023354575
0.05993039263791079,0.056423686,0.023352059
0.06008295177731252,0.07043656,0.023316571
0.06023551091671425,0.0980624,0.023301845
0.06038807005611599,0.093823515,0.02330589
0.06054062919551772,0.080751985,0.023265665
0.06069318833491945,0.09476613,0.023266194
0.06084574747432118,0.0697978,0.023213308
0.06099830661372291,0.0795249,0.023230255
0.06115086575312465,0.06808682,0.023183024
0.06130342489252638,0.07153992,0.023139978
0.06145598403192812,0.06531609,0.023141904
0.06160854317132985,0.07361208,0.023119414
0.06176110231073158,0.07085256,0.023100909
0.06191366145013331,0.06941881,0.023098877
0.06206622058953504,0.05776638,0.02306137
0.062218779728936774,0.07852837,0.023034895
0.06237133886833851,0.078243986,0.0230381
0.06252389800774025,0.069360174,0.023013957
0.06267645714714197,0.07060316,0.02303607
0.0628290162865437,0.061262283,0.023020865
0.06298157542594544,0.06849019,0.022972926
0.06313413456534717,0.06721116,0.022936422
0.0632866937047489,0.063493,0.022936646
0.06343925284415063,0.07851205,0.022931982
0.06359181198355238,0.061521668,0.022897623
0.0637443711229541,0.061572224,0.022896044
0.06389693026235584,0.056655865,0.02284967
0.06404948940175757,0.06362383,0.022816956
0.0642020485411593,0.06924841,0.022812866
0.06435460768056103,0.057175606,0.022801243
0.06450716681996276,0.061078187,0.022817038
0.0646597259593645,0.07710584,0.02279371
0.06481228509876623,0.08378856,0.022791037
0.06496484423816797,0.073330805,0.022725718
0.0651174033775697,0.07226385,0.02272616
0.06526996251697142,0.071835585,0.022709463
0.06542252165637316,0.06837498,0.022688814
0.06557508079577488,0.06601956,0.022699809
0.06572763993517662,0.061662022,0.022647994
0.06588019907457836,0.06469934,0.022610229
0.0660327582139801,0.059996612,0.022596871
0.06618531735338183,0.06214015,0.02260348
0.06633787649278355,0.073407315,0.022611702
0.06649043563218529,0.06709017,0.022596462
0.06664299477158701,0.07415897,0.022585541
0.06679555391098875,0.067208745,0.022528714
0.06694811305039049,0.066737376,0.022526687
0.06710067218979222,0.06559779,0.022513375
0.06725323132919396,0.06271718,0.02248223
0.06740579046859568,0.058606196,0.022462884
0.06755834960799742,0.075773016,0.022483489
0.06771090874739914,0.0677028,0.022414364
0.06786346788680088,0.08182907,0.02243174
0.06801602702620262,0.06548713,0.022415921
0.06816858616560434,0.06351437,0.022404237
0.06832114530500609,0.06893757,0.02239301
0.06847370444440781,0.06335134,0.02236579
0.06862626358380955,0.05584948,0.022306276
0.06877882272321127,0.071947634,0.022309406
0.06893138186261301,0.068566285,0.022325514
0.06908394100201475,0.072836146,0.022294557
0.06923650014141647,0.068312466,0.022276446
0.06938905928081822,0.06637435,0.022286989
0.06954161842021994,0.06465518,0.022232015
0.06969417755962168,0.07629503,0.022217264
0.0698467366990234,0.06696576,0.02220565
0.06999929583842514,0.070215225,0.022201503
0.07015185497782687,0.06916684,0.022174982
0.0703044141172286,0.062104356,0.0221737
0.07045697325663033,0.06383297,0.022142833
0.07060953239603207,0.071285956,0.02209879
0.07076209153543381,0.07622146,0.022132564
0.07091465067483553,0.0741808,0.02212203
0.07106720981423727,0.079914495,0.022096299
0.071219768953639,0.077413075,0.022101443
0.07137232809304073,0.06638301,0.022063544
0.07152488723244246,0.067405045,0.022018993
0.07167744637184419,0.06457977,0.02200418
0.07183000551124594,0.06214704,0.022012932
0.07198256465064766,0.06457249,0.022005558
0.0721351237900494,0.06832737,0.02197304
0.07228768292945113,0.07375274,0.021951787
0.07244024206885286,0.062225617,0.021920523
0.07259280120825459,0.064877816,0.021934014
0.07274536034765632,0.065562494,0.021953417
0.07289791948705805,0.07159546,0.021905946
0.07305047862645979,0.07346509,0.021903705
0.07320303776586153,0.072148964,0.02187852
0.07335559690526326,0.074878186,0.021829883
0.07350815604466499,0.06480883,0.021816324
0.07366071518406672,0.06110374,0.02182849
0.07381327432346844,0.06597885,0.021810254
0.07396583346287018,0.0621437,0.021810092
0.07411839260227192,0.06325844,0.021792408
0.07427095174167365,0.06109379,0.021761047
0.07442351088107539,0.06679161,0.021763248
0.07457607002047711,0.063234486,0.021752946
0.07472862915987885,0.067424655,0.021714395
0.07488118829928057,0.07571728,0.021721983
0.07503374743868231,0.08450281,0.021713724
0.07518630657808405,0.06708628,0.021656964
0.07533886571748578,0.059390448,0.021655867
0.07549142485688752,0.056527935,0.021633258
0.07564398399628924,0.06794077,0.021620607
0.07579654313569098,0.06670305,0.021642212
0.07594910227509272,0.059941947,0.021589996
0.07610166141449444,0.0630891,0.021551128
0.07625422055389618,0.06009599,0.021542737
0.0764067796932979,0.058237646,0.021557415
0.07655933883269965,0.057517443,0.021535307
0.07671189797210137,0.058581635,0.021531308
0.07686445711150311,0.061147496,0.021515246
0.07701701625090485,0.06462795,0.021486891
0.07716957539030657,0.06340118,0.021492945
0.0773221345297083,0.07541671,0.021454517
0.07747469366911003,0.072249256,0.021463275
0.07762725280851177,0.07220796,0.021479387
0.0777798119479135,0.06692444,0.021462973
0.07793237108731524,0.06448262,0.021393942
0.07808493022671698,0.06876186,0.02137764
0.0782374893661187,0.06201797,0.021380296
0.07839004850552043,0.07182232,0.021373153
0.07854260764492216,0.061577365,0.021373088
0.0786951667843239,0.06155325,0.021339096
0.07884772592372563,0.06317738,0.021311844
0.07900028506312737,0.06338142,0.021291481
0.0791528442025291,0.06460637,0.0213269
0.07930540334193083,0.07500144,0.021278122
0.07945796248133256,0.06073895,0.021273276
0.07961052162073429,0.054532416,0.021251772
0.07976308076013602,0.056208044,0.0212244
0.07991563989953776,0.05519788,0.021195017
0.0800681990389395,0.067436434,0.02121673
0.08022075817834123,0.065177545,0.021190275
0.08037331731774296,0.063993804,0.02120198
0.0805258764571447,0.06056757,0.021173017
0.08067843559654642,0.06978251,0.02113858
0.08083099473594815,0.07349067,0.021125095
0.08098355387534989,0.07322085,0.021117218
0.08113611301475161,0.07347027,0.02113595
0.08128867215415336,0.071673885,0.021126565
0.08144123129355509,0.058346726,0.021101415
0.08159379043295682,0.07027855,0.021059358
0.08174634957235855,0.05949107,0.021027055
0.08189890871176028,0.060431004,0.02105302
0.08205146785116202,0.06335305,0.021023018
0.08220402699056374,0.06517572,0.021012366
0.08235658612996548,0.059943154,0.020992769
0.08250914526936722,0.06028905,0.020968335
0.08266170440876895,0.058866926,0.020936782
0.08281426354817067,0.066006295,0.020971568
0.08296682268757241,0.06153864,0.020940714
0.08311938182697415,0.053797346,0.02092255
0.08327194096637587,0.06509905,0.020927204
0.08342450010577761,0.06457742,0.020890683
0.08357705924517934,0.06245828,0.020872157
0.08372961838458108,0.0667999,0.020872789
0.0838821775239828,0.062144082,0.02086301
0.08403473666338454,0.0640397,0.020856293
0.08418729580278628,0.060998898,0.020866416
0.084339854942188,0.052079137,0.02081226
0.08449241408158974,0.05842905,0.02079101
0.08464497322099146,0.06089732,0.02079569
0.08479753236039321,0.06254495,0.020780351
0.08495009149979493,0.05930876,0.020759085
0.08510265063919667,0.057690747,0.020767396
0.0852552097785984,0.056429677,0.020764694
0.08540776891800013,0.065659456,0.020739332
0.08556032805740187,0.064719275,0.020701764
0.08571288719680359,0.07533244,0.020728623
0.08586544633620533,0.072580725,0.020705339
0.08601800547560706,0.057786725,0.02068252
0.0861705646150088,0.056505322,0.020668333
0.08632312375441054,0.05827391,0.020624405
0.08647568289381226,0.06926327,0.020646792
0.086628242033214,0.06346978,0.020651598
0.08678080117261572,0.066628054,0.020623622
0.08693336031201745,0.065842085,0.020605799
0.08708591945141919,0.0626413,0.020583414
0.08723847859082093,0.055118743,0.020553041
0.08739103773022266,0.061074294,0.020550655
0.08754359686962439,0.061725736,0.0205479
0.08769615600902612,0.06596587,0.02055469
0.08784871514842785,0.062419444,0.020557893
0.08800127428782958,0.06623933,0.020507948
0.08815383342723132,0.0680262,0.020468742
0.08830639256663306,0.060999192,0.020473193
0.0884589517060348,0.059884813,0.020473633
0.08861151084543652,0.06991385,0.020466894
0.08876406998483825,0.05762868,0.020448064
0.08891662912423998,0.06546652,0.02042806
0.08906918826364171,0.05376534,0.020399375
0.08922174740304345,0.06328262,0.020398142
0.08937430654244517,0.066516764,0.020410966
0.08952686568184692,0.066360906,0.020388842
0.08967942482124865,0.059603825,0.020398509
0.08983198396065038,0.063873515,0.020381419
0.0899845431000521,0.06857777,0.020337708
0.09013710223945384,0.06593711,0.020337375
0.09028966137885558,0.06260591,0.020329323
0.0904422205182573,0.05103728,0.020310404
0.09059477965765904,0.06506028,0.020316139
0.09074733879706078,0.07341301,0.020299856
0.09089989793646251,0.07085401,0.020273369
0.09105245707586423,0.06340016,0.020239094
0.09120501621526597,0.06373693,0.020248432
0.09135757535466771,0.06208086,0.02024494
0.09151013449406943,0.053588454,0.020225968
0.09166269363347117,0.058120836,0.020237472
0.09181525277287289,0.06389628,0.020187862
0.09196781191227464,0.05642825,0.020168472
0.09212037105167636,0.062741734,0.020189546
0.0922729301910781,0.06020761,0.020169046
0.09242548933047984,0.05776239,0.020166662
0.09257804846988156,0.05927725,0.02016209
0.0927306076092833,0.059401635,0.02011802
0.09288316674868502,0.055675495,0.020105515
0.09303572588808677,0.056203958,0.02010247
0.0931882850274885,0.048349075,0.020083413
0.09334084416689023,0.057475094,0.020075541
0.09349340330629197,0.059076943,0.020071752
0.09364596244569369,0.06145951,0.020057192
0.09379852158509543,0.0528115,0.020014474
0.09395108072449715,0.06502623,0.020019263
0.09410363986389889,0.051386096,0.020025931
0.09425619900330062,0.06084776,0.020034127
0.09440875814270236,0.0549554,0.020009268
0.0945613172821041,0.059561584,0.019996256
0.09471387642150582,0.06207613,0.01996722
0.09486643556090756,0.055455815,0.019967545
0.09501899470030928,0.059051216,0.019965492
0.09517155383971102,0.06405963,0.019940702
0.09532411297911275,0.065515526,0.01994011
0.09547667211851449,0.05984344,0.019932633
0.09562923125791623,0.06181685,0.019887855
0.09578179039731795,0.064216636,0.019884119
0.09593434953671968,0.05203367,0.019873414
0.09608690867612141,0.06737046,0.019876614
0.09623946781552314,0.064021,0.019871946
0.09639202695492488,0.0636704,0.019842999
0.0965445860943266,0.067060985,0.0198208
0.09669714523372835,0.058035973,0.019811725
0.09684970437313008,0.0611367,0.019823749
0.09700226351253181,0.062042926,0.019831099
0.09715482265193354,0.071387134,0.01981434
0.09730738179133527,0.057873964,0.019792674
0.09745994093073701,0.061466534,0.019774148
0.09761250007013873,0.064096875,0.019748623
0.09776505920954047,0.06429738,0.019747114
0.0979176183489422,0.061661005,0.01974535
0.09807017748834394,0.06448659,0.019736134
0.09822273662774567,0.061030682,0.019716892
0.0983752957671474,0.0639258,0.01967564
0.09852785490654914,0.053470653,0.0196656
0.09868041404595086,0.052295234,0.019668067
0.0988329731853526,0.06256834,0.019682204
0.09898553232475434,0.062588416,0.01966276
0.09913809146415607,0.05909848,0.019648964
0.0992906506035578,0.056570742,0.019607894
0.09944320974295953,0.061520394,0.019607756
0.09959576888236127,0.06544251,0.019619502
0.09974832802176299,0.06509595,0.019592319
0.09990088716116473,0.06208065,0.01957907
0.10005344630056645,0.06317813,0.019584889
0.10020600543996819,0.06622388,0.019566195
0.10035856457936992,0.05502541,0.019528896
0.10051112371877165,0.060912926,0.01954077
0.10066368285817338,0.059655547,0.019521777
0.10081624199757513,0.06643071,0.019541578
0.10096880113697687,0.059051733,0.019529562
0.1011213602763786,0.060643658,0.019490061
0.10127391941578033,0.056635786,0.01946372
0.10142647855518205,0.05445012,0.019467495
0.10157903769458379,0.05772077,0.019459125
0.10173159683398553,0.05832748,0.01946056
0.10188415597338725,0.04849217,0.019442765
0.10203671511278899,0.055035546,0.019433169
0.10218927425219071,0.054510254,0.019397762
0.10234183339159245,0.05765248,0.019406145
0.10249439253099418,0.04986141,0.019395197
0.1026469516703959,0.05704114,0.019396512
0.10279951080979764,0.056431588,0.019381285
0.10295206994919937,0.058444083,0.019354073
0.10310462908860113,0.05264391,0.019340647
0.10325718822800285,0.05481271,0.019350445
0.10340974736740459,0.05806688,0.01935116
0.10356230650680631,0.057791743,0.019334411
0.10371486564620805,0.058598433,0.019327693
0.10386742478560979,0.053030495,0.019311802
0.10401998392501151,0.05556795,0.019286832
0.10417254306441324,0.053085305,0.019288396
0.10432510220381497,0.06521832,0.019285176
0.1044776613432167,0.058461405,0.019258015
0.10463022048261844,0.060155824,0.019252496
0.10478277962202016,0.06505656,0.01924416
0.1049353387614219,0.06237536,0.019220347
0.10508789790082362,0.06863565,0.019240342
0.10524045704022536,0.06439582,0.019231647
0.1053930161796271,0.06579699,0.019235894
0.10554557531902885,0.060203403,0.019227484
0.10569813445843057,0.061874494,0.019189391
0.10585069359783231,0.06027078,0.0191552
0.10600325273723404,0.054458205,0.01914921
0.10615581187663577,0.05295743,0.019160246
0.1063083710160375,0.058497038,0.019147305
0.10646093015543923,0.064722925,0.019162253
0.10661348929484096,0.06474682,0.019117367
0.1067660484342427,0.059929334,0.019094614
0.10691860757364442,0.05628832,0.019105615
0.10707116671304616,0.056853015,0.01909934
0.10722372585244788,0.051480345,0.019073721
0.10737628499184962,0.060704753,0.019324018
0.10752884413125136,0.059289888,0.019632515
0.10768140327065308,0.05086857,0.019822571
0.10783396241005483,0.055478442,0.020041294
0.10798652154945657,0.061156806,0.02020004
0.1081390806888583,0.050731443,0.02027982
0.10829163982826003,0.053127956,0.020374624
0.10844419896766176,0.07090551,0.02047164
0.10859675810706348,0.06353627,0.020841578
0.10874931724646522,0.06198706,0.021408293
0.10890187638586696,0.05898031,0.021784905
0.10905443552526868,0.058710434,0.022131082
0.10920699466467042,0.057675257,0.02243197
0.10935955380407214,0.06561755,0.02272526
0.10951211294347388,0.053021736,0.023013301
0.10966467208287561,0.05127144,0.023265745
0.10981723122227734,0.05572278,0.023539389
0.10996979036167907,0.058556505,0.023796907
0.1101223495010808,0.06669275,0.024083225
0.11027490864048256,0.06481097,0.024335189
0.11042746777988428,0.060365703,0.02461083
0.11058002691928602,0.116639964,0.024838014
0.11073258605868774,29.985018,0.16271482
0.11088514519808948,0.5244485,0.025472514
0.11103770433749122,0.06810575,0.025648508
0.11119026347689294,0.056247108,0.025860082
0.11134282261629468,0.06164117,0.02614174
0.1114953817556964,0.07221365,0.02644359
0.11164794089509814,0.068893895,0.026632749
0.11180050003449987,0.07068026,0.026825415
0.1119530591739016,0.05739181,0.027020868
0.11210561831330333,0.056111567,0.027177112
0.11225817745270505,0.059534933,0.02726672
0.11241073659210679,0.061585657,0.0274266
0.11256329573150854,0.057252087,0.027504744
0.11271585487091028,0.0633483,0.027605206
0.112868414010312,0.0592963,0.027774371
0.11302097314971374,0.06697937,0.027849851
0.11317353228911547,0.082740396,0.0280073
0.1133260914285172,0.06709576,0.028082442
0.11347865056791893,0.06291585,0.028181856
0.11363120970732066,0.05407647,0.028177623
0.1137837688467224,0.06039054,0.02821797
0.11393632798612413,0.049679935,0.028265342
0.11408888712552585,0.05790106,0.028254265
0.11424144626492759,0.057084356,0.028310664
0.11439400540432931,0.04440332,0.02835128
0.11454656454373105,0.045817442,0.028385047
0.11469912368313279,0.05625814,0.028426053
0.11485168282253451,0.051569477,0.028471773
0.11500424196193626,0.050233036,0.028499767
0.115156801101338,0.043243937,0.028570328
0.11530936024073973,0.05341382,0.02865979
0.11546191938014146,0.05041225,0.028766872
0.11561447851954319,0.057509102,0.028868433
0.11576703765894492,0.05133581,0.02895959
0.11591959679834665,0.046735726,0.029100984
0.11607215593774839,0.04946492,0.029189494
0.11622471507715011,0.053059198,0.02927488
0.11637727421655185,0.049495094,0.029384226
0.11652983335595357,0.067114905,0.02953505
0.11668239249535531,0.043089822,0.029563237
0.11683495163475704,0.035983205,0.029693605
0.11698751077415877,0.049357332,0.029783193
0.1171400699135605,0.04990638,0.02986318
0.11729262905296226,0.046235,0.029972259
0.11744518819236399,0.03874435,0.030061675
0.11759774733176571,0.052436575,0.030193267
0.11775030647116745,0.052749462,0.030302841
0.11790286561056917,0.055144753,0.030381987
0.11805542474997091,0.060043678,0.030499808
0.11820798388937265,0.055216767,0.030609522
0.11836054302877437,0.057285227,0.030699775
0.11851310216817611,0.043975875,0.030806202
0.11866566130757783,0.050747965,0.030879818
0.11881822044697957,0.049823858,0.030980697
0.1189707795863813,0.05746028,0.031137925
0.11912333872578303,0.034903694,0.03118697
0.11927589786518476,0.051660694,0.03129887
0.11942845700458649,0.04795084,0.031404182
0.11958101614398822,0.05091769,0.03153101
0.11973357528338997,0.05913171,0.03160452
0.11988613442279171,0.052845817,0.03176514
0.12003869356219343,0.054931577,0.031805694
0.12019125270159517,0.04870726,0.03194088
0.1203438118409969,0.041326143,0.032028943
0.12049637098039863,0.048250914,0.0321224
0.12064893011980037,0.06898902,0.03228334
0.12080148925920209,0.054665536,0.032351453
0.12095404839860383,0.04791908,0.03245288
0.12110660753800556,0.050267346,0.032561548
0.12125916667740728,0.04125173,0.032666475
0.12141172581680902,0.058369763,0.032814547
0.12156428495621074,0.05513323,0.03294418
0.12171684409561248,0.04636549,0.03299352
0.12186940323501422,0.039298806,0.03315311
0.12202196237441594,0.048616964,0.03322173
0.12217452151381769,0.05433074,0.03334005
0.12232708065321943,0.046139978,0.033433527
0.12247963979262116,0.04133394,0.033556614
0.12263219893202289,0.049841423,0.033661824
0.12278475807142462,0.048901472,0.033782832
0.12293731721082635,0.04174621,0.03395603
0.12308987635022808,0.052754283,0.03399812
0.12324243548962982,0.06387987,0.034167953
0.12339499462903154,0.041762345,0.03430105
0.12354755376843328,0.042313293,0.034378402
0.123700112907835,0.039747838,0.0345227
0.12385267204723674,0.04058839,0.034608938
0.12400523118663848,0.038666714,0.03473945
0.1241577903260402,0.043526996,0.03483859
0.12431034946544194,0.05062762,0.034938008
0.12446290860484369,0.0504218,0.035089947
0.12461546774424542,0.048231926,0.035190456
0.12476802688364715,0.048671808,0.03529649
0.12492058602304888,0.04936525,0.03546001
0.1250731451624506,0.052632794,0.03556445
0.12522570430185234,0.05332923,0.0357236
0.12537826344125408,0.052513298,0.035856128
0.12553082258065582,0.053735267,0.03593152
0.12568338172005752,0.04611768,0.036036797
0.12583594085945926,0.026353924,0.036176298
0.125988499998861,0.03293062,0.036336653
0.12614105913826273,0.05277231,0.036423083
0.12629361827766447,0.041723564,0.03656768
0.12644617741706618,0.046197366,0.036694817
0.12659873655646792,0.043660495,0.036814757
0.12675129569586965,0.062205747,0.03703435
0.12690385483527142,0.055949997,0.03710764
0.12705641397467313,0.050467245,0.037263498
0.12720897311407486,0.054043923,0.037436247
0.1273615322534766,0.037446752,0.037502147
0.12751409139287834,0.044123407,0.037670936
0.12766665053228007,0.04509118,0.03778368
0.12781920967168178,0.04996215,0.037915386
0.12797176881108352,0.059376687,0.03807781
0.12812432795048526,0.06317074,0.038242362
0.128276887089887,0.05824543,0.038323898
0.12842944622928873,0.04086459,0.03847838
0.12858200536869044,0.030572057,0.038630627
0.12873456450809218,0.041565284,0.038753167
0.1288871236474939,0.053988628,0.038994387
0.12903968278689565,0.02901827,0.039079633
0.12919224192629739,0.027027424,0.039200112
0.12934480106569912,0.035472635,0.03937549
0.12949736020510086,0.033291753,0.039519686
0.1296499193445026,0.041067164,0.03968915
0.12980247848390433,0.04240808,0.03987529
0.12995503762330604,0.03678554,0.039975327
0.13010759676270778,0.030611688,0.040127985
0.13026015590210951,0.0505763,0.04044826
0.13041271504151125,0.052892968,0.04051314
0.130565274180913,0.050742112,0.040678464
0.1307178333203147,0.04364835,0.040857878
0.13087039245971643,0.0582176,0.040961314
0.13102295159911817,0.07571737,0.041118424
0.1311755107385199,0.03724479,0.04135134
0.13132806987792164,0.049379017,0.041470207
0.13148062901732335,0.048855484,0.04162765
0.13163318815672512,0.06106764,0.041959684
0.13178574729612685,0.05544782,0.04202134
0.1319383064355286,0.046933025,0.04215615
0.1320908655749303,0.045524757,0.04238819
0.13224342471433204,0.038374666,0.042485103
0.13239598385373377,0.040400077,0.0427704
0.1325485429931355,0.049963977,0.04285706
0.13270110213253725,0.04110542,0.04309999
0.13285366127193896,0.033005252,0.04325824
0.1330062204113407,0.0328929,0.043411214
0.13315877955074243,0.041950915,0.043610234
0.13331133869014417,0.054882146,0.043830007
0.1334638978295459,0.030985124,0.043985162
0.1336164569689476,0.03254349,0.04420392
0.13376901610834935,0.04026574,0.044464767
0.1339215752477511,0.04784964,0.044622846
0.13407413438715285,0.054790124,0.04481493
0.13422669352655456,0.03354294,0.045023553
0.1343792526659563,0.044579953,0.04528004
0.13453181180535803,0.043465227,0.045450002
0.13468437094475977,0.017607518,0.04564899
0.1348369300841615,0.030408062,0.045843847
0.1349894892235632,0.03703208,0.04610459
0.13514204836296495,0.025004713,0.04629562
0.1352946075023667,0.030455045,0.04651201
0.13544716664176842,0.036152527,0.046780393
0.13559972578117016,0.03329413,0.046966683
0.13575228492057187,0.029284054,0.047206532
0.1359048440599736,0.03927139,0.047545157
0.13605740319937534,0.04431738,0.04769365
0.13620996233877708,0.029229881,0.04796015
0.13636252147817882,0.02876991,0.048200343
0.13651508061758055,0.03945029,0.04839789
0.1366676397569823,0.035198543,0.04883352
0.13682019889638403,0.02091676,0.04896392
0.13697275803578576,0.027828008,0.04916256
0.13712531717518747,0.033785824,0.049472593
0.1372778763145892,0.025072644,0.04972376
0.13743043545399095,0.034526367,0.049962297
0.13758299459339268,0.038426723,0.05029077
0.13773555373279442,0.024521576,0.05053185
0.13788811287219613,0.03308862,0.050799362
0.13804067201159786,0.028822763,0.051141646
0.1381932311509996,0.052449524,0.051377553
0.13834579029040134,0.03973363,0.0516869
0.13849834942980307,0.03546981,0.05210081
0.1386509085692048,0.037837498,0.052263822
0.13880346770860655,0.035406847,0.052730843
0.13895602684800828,0.019335493,0.05301777
0.13910858598741002,0.029010879,0.053211834
0.13926114512681173,0.02597361,0.053694803
0.13941370426621347,0.028047701,0.05391288
0.1395662634056152,0.037361786,0.05418325
0.13971882254501694,0.03241104,0.05458614
0.13987138168441868,0.0324328,0.054920096
0.1400239408238204,0.025909,0.05522589
0.14017649996322212,0.037609704,0.055658095
0.14032905910262386,0.034704223,0.055978835
0.1404816182420256,0.023782644,0.056325037
0.14063417738142733,0.008060874,0.05678258
0.14078673652082904,0.014922329,0.057098225
0.14093929566023078,0.01623475,0.057492606
0.14109185479963254,0.02253882,0.057965703
0.14124441393903428,0.0159356,0.058281314
0.141396973078436,0.0057483003,0.058729
0.14154953221783773,0.011175338,0.059213378
0.14170209135723946,0.020427752,0.059641387
0.1418546504966412,0.039789177,0.060064312
0.14200720963604294,0.012923573,0.06052773
0.14215976877544464,0.0053178836,0.060895238
0.14231232791484638,0.020377982,0.061452683
0.14246488705424812,0.014163202,0.061924353
0.14261744619364985,0.0116847595,0.06233962
0.1427700053330516,0.01005588,0.06295047
