#DAT file by SAXSII - Timestamp: 09/12/2024 14:40:47
radial-q_A^-1,intensity,sigma
0.00012720999243161018,6573010.5,840.4878
0.0002797691318333428,6315960.0,544.672
0.00043232827123507536,6033188.5,428.89423
0.000584887410636808,5652839.0,353.139
0.0007374465500385405,5189071.5,298.35132
0.0008900056894402731,4663448.0,257.02963
0.0010425648288420058,4106072.0,223.1357
0.0011951239682437384,3554533.8,195.98161
0.001347683107645471,3001860.5,171.46
0.0015002422470472036,2454295.5,146.21619
0.001652801386448936,1936730.2,122.09855
0.0018053605258506686,1471275.2,100.88278
0.0019579196652524016,1074941.9,82.72177
0.002110478804654134,749630.4,67.28042
0.0022630379440558668,498742.0,53.94046
0.002415597083457599,315131.0,41.513897
0.002568156222859332,189800.94,30.724339
0.0027207153622610643,112400.93,22.710058
0.0028732745016627967,65105.832,16.744413
0.0030258336410645295,36830.062,12.343114
0.003178392780466262,20459.348,9.115996
0.0033309519198679947,10821.963,6.4885745
0.003483511059269727,5479.9727,4.4784017
0.0036360701986714594,2652.4016,3.0300963
0.0037886293380731927,1237.1606,2.017124
0.003941188477474925,562.75616,1.3367321
0.004093747616876658,248.42703,0.8772741
0.004246306756278391,109.930336,0.57775253
0.004398865895680123,48.32491,0.37479284
0.004551425035081855,21.83535,0.24768493
0.004703984174483589,9.801665,0.16289446
0.004856543313885321,4.669329,0.111460075
0.005009102453287053,2.5965815,0.08397918
0.005161661592688786,1.7985754,0.071483985
0.005314220732090518,1.3771086,0.06297208
0.005466779871492251,1.1734927,0.05927882
0.005619339010893984,1.0345795,0.056419205
0.005771898150295716,0.90804446,0.05415611
0.0059244572896974485,0.8470007,0.052659962
0.006077016429099181,0.7977215,0.05151085
0.006229575568500914,0.8058476,0.051466677
0.006382134707902647,0.6815313,0.04921036
0.00653469384730438,0.62842625,0.048342828
0.006687252986706112,0.67357683,0.047946215
0.0068398121261078445,0.5436698,0.04622673
0.006992371265509577,0.516108,0.045343436
0.00714493040491131,0.44043425,0.04359847
0.0072974895443130424,0.46557736,0.04388672
0.0074500486837147765,0.41121697,0.042993847
0.007602607823116509,0.44204843,0.043135498
0.007755166962518241,0.41842896,0.04210698
0.007907726101919975,0.40022528,0.04169157
0.008060285241321706,0.34716055,0.040846646
0.00821284438072344,0.35057452,0.04029106
0.00836540352012517,0.3615816,0.04035614
0.008517962659526904,0.34321472,0.039894864
0.008670521798928637,0.26919124,0.038985692
0.008823080938330369,0.31517097,0.039050058
0.008975640077732102,0.3384657,0.03854184
0.009128199217133834,0.3076772,0.03809523
0.009280758356535567,0.26701277,0.03785097
0.0094333174959373,0.26867217,0.037296552
0.009585876635339032,0.30164275,0.037289318
0.009738435774740765,0.2781596,0.03697501
0.009890994914142498,0.25349036,0.036529146
0.01004355405354423,0.2515189,0.03622423
0.010196113192945963,0.2210409,0.03582886
0.010348672332347694,0.23600754,0.035505
0.010501231471749427,0.21345697,0.035435423
0.01065379061115116,0.22418235,0.035167012
0.010806349750552892,0.22654392,0.034772515
0.010958908889954625,0.20147699,0.034463387
0.011111468029356357,0.19826338,0.034245197
0.01126402716875809,0.20946124,0.034058526
0.011416586308159823,0.22274737,0.034022816
0.011569145447561555,0.21184067,0.033740837
0.011721704586963288,0.19088848,0.033283833
0.01187426372636502,0.21650213,0.03331636
0.012026822865766753,0.22385752,0.033242673
0.012179382005168486,0.1898864,0.032679725
0.012331941144570218,0.19508153,0.032645207
0.012484500283971953,0.21285921,0.032469742
0.012637059423373682,0.18605469,0.03223198
0.012789618562775416,0.18179254,0.031900093
0.012942177702177147,0.19867772,0.031654354
0.01309473684157888,0.21394478,0.03158701
0.013247295980980612,0.17202735,0.031325065
0.013399855120382345,0.18037434,0.03124205
0.013552414259784077,0.14953661,0.031045066
0.013704973399185812,0.1746471,0.030619163
0.013857532538587541,0.18230942,0.03051956
0.014010091677989276,0.17610286,0.030546103
0.014162650817391008,0.17611037,0.030269705
0.014315209956792741,0.20521846,0.030271623
0.014467769096194473,0.1594572,0.029987788
0.014620328235596206,0.13582948,0.0296767
0.01477288737499794,0.15900141,0.029629711
0.01492544651439967,0.15580761,0.029455572
0.015078005653801406,0.13553244,0.029301748
0.015230564793203137,0.14403099,0.029179526
0.01538312393260487,0.16023663,0.029098108
0.015535683072006602,0.14697482,0.028809583
0.015688242211408337,0.14022459,0.028686566
0.015840801350810067,0.14081746,0.02858583
0.0159933604902118,0.14570697,0.028464925
0.016145919629613533,0.15625326,0.028304236
0.016298478769015266,0.15534872,0.028244935
0.016451037908416996,0.12475071,0.028001545
0.01660359704781873,0.117252074,0.027863758
0.016756156187220463,0.13874802,0.02783277
0.016908715326622196,0.13188261,0.027652238
0.017061274466023926,0.14841731,0.027683938
0.017213833605425662,0.13768952,0.027482482
0.017366392744827392,0.12739688,0.027295811
0.017518951884229125,0.13182157,0.027058832
0.01767151102363086,0.14417769,0.027125247
0.017824070163032592,0.1241037,0.02693429
0.01797662930243432,0.1353957,0.026799418
0.018129188441836055,0.13302778,0.026676983
0.018281747581237788,0.12597394,0.026514852
0.01843430672063952,0.1572276,0.026475798
0.01858686586004125,0.13808338,0.026422113
0.018739424999442988,0.1373309,0.02626833
0.018891984138844718,0.13665013,0.026125794
0.01904454327824645,0.14035484,0.026045173
0.019197102417648184,0.13066854,0.025928013
0.019349661557049917,0.112934686,0.025733069
0.019502220696451647,0.10794184,0.025690025
0.019654779835853384,0.1305944,0.025678055
0.019807338975255117,0.12116008,0.025523297
0.019959898114656847,0.12227777,0.025433715
0.02011245725405858,0.12201258,0.025314847
0.020265016393460313,0.12031469,0.025189597
0.020417575532862046,0.1421483,0.02513702
0.020570134672263776,0.11858635,0.025048854
0.020722693811665513,0.12635052,0.024978023
0.020875252951067243,0.13670199,0.024907993
0.021027812090468976,0.11205633,0.024753993
0.02118037122987071,0.10202474,0.024640983
0.021332930369272442,0.12052175,0.02460497
0.021485489508674172,0.12157544,0.024535943
0.021638048648075905,0.11610368,0.024470981
0.02179060778747764,0.12019601,0.024344651
0.021943166926879372,0.1249299,0.024262238
0.0220957260662811,0.09674523,0.024090694
0.02224828520568284,0.10985064,0.024051921
0.022400844345084568,0.12547827,0.024029402
0.0225534034844863,0.11258054,0.023884363
0.022705962623888035,0.11482721,0.023834769
0.022858521763289768,0.12144939,0.023834793
0.023011080902691498,0.116934456,0.023663556
0.02316364004209323,0.104510345,0.023535345
0.023316199181494964,0.09937576,0.0235164
0.023468758320896697,0.092393026,0.02340801
0.023621317460298427,0.103983045,0.023375548
0.023773876599700164,0.09511473,0.023252957
0.023926435739101894,0.10599363,0.023175817
0.024078994878503627,0.1108368,0.02313097
0.02423155401790536,0.10482706,0.023054931
0.024384113157307093,0.10843833,0.022992317
0.024536672296708823,0.115177326,0.02294642
0.024689231436110556,0.10280964,0.022875011
0.024841790575512293,0.094899125,0.022751296
0.024994349714914023,0.111066684,0.02270608
0.025146908854315753,0.099942245,0.022647785
0.02529946799371749,0.094357744,0.02255483
0.025452027133119223,0.10698798,0.022513356
0.025604586272520952,0.10620669,0.02245133
0.025757145411922686,0.10442251,0.02237449
0.025909704551324422,0.10918083,0.022284048
0.026062263690726152,0.11387799,0.02226308
0.026214822830127882,0.10423841,0.022183022
0.026367381969529615,0.10213876,0.022132402
0.026519941108931352,0.10252683,0.022046847
0.02667250024833308,0.107254766,0.021992126
0.026825059387734815,0.103595436,0.021924
0.026977618527136545,0.10036226,0.02186303
0.02713017766653828,0.10728701,0.021835778
0.02728273680594001,0.10759091,0.021744179
0.027435295945341744,0.10211442,0.021842584
0.027587855084743474,0.10368968,0.02198879
0.02774041422414521,0.120714016,0.022113558
0.027892973363546944,0.105345465,0.022148283
0.028045532502948674,0.11502611,0.022190835
0.028198091642350404,0.10063372,0.0222135
0.02835065078175214,0.1103381,0.022284482
0.028503209921153874,0.11245207,0.022310348
0.028655769060555603,0.10560428,0.022254122
0.028808328199957337,0.10008767,0.022275794
0.028960887339359073,0.10458121,0.022255786
0.029113446478760803,0.104311325,0.022276424
0.029266005618162533,0.104708396,0.022297783
0.02941856475756427,0.092913665,0.022301313
0.029571123896966003,0.11227716,0.022266556
0.029723683036367732,0.11253646,0.022236994
0.029876242175769466,0.101835646,0.022262516
0.030028801315171202,0.09913613,0.022226246
0.030181360454572932,0.08581486,0.022253433
0.030333919593974662,0.096745186,0.022261258
0.030486478733376395,0.10135327,0.022200685
0.030639037872778132,0.091109864,0.022327915
0.03079159701217986,0.08688054,0.022606002
0.030944156151581595,0.08053918,0.022740204
0.031096715290983325,0.09341572,0.022926409
0.03124927443038506,0.09532473,0.023055658
0.03140183356978679,0.09733417,0.023108013
0.03155439270918852,0.10456778,0.023184283
0.03170695184859026,0.09508204,0.023252448
0.031859510987991994,0.091505416,0.023338793
0.032012070127393724,0.096896425,0.0233908
0.032164629266795454,0.093190216,0.023483418
0.032317188406197184,0.095706,0.0235232
0.03246974754559892,0.088988885,0.02359395
0.03262230668500065,0.089524634,0.023656715
0.03277486582440239,0.09555609,0.023733312
0.03292742496380412,0.099467106,0.023782382
0.03307998410320585,0.09919878,0.023807134
0.03323254324260758,0.09504775,0.023814032
0.03338510238200931,0.09958357,0.023836816
0.03353766152141104,0.09029762,0.023913976
0.03369022066081278,0.093526125,0.023933006
0.033842779800214516,0.09651712,0.02398996
0.033995338939616246,0.093740344,0.024028746
0.034147898079017976,0.08844045,0.024051001
0.03430045721841971,0.09324135,0.024103293
0.03445301635782144,0.09564139,0.024107873
0.03460557549722317,0.09798095,0.024209071
0.03475813463662491,0.09505636,0.024193192
0.034910693776026645,0.109684914,0.024212621
0.035063252915428375,0.09270151,0.024235075
0.035215812054830105,0.07862911,0.024234626
0.03536837119423184,0.08434154,0.024341691
0.03552093033363357,0.07438536,0.024337709
0.0356734894730353,0.09801793,0.024369946
0.03582604861243704,0.09403171,0.02439585
0.035978607751838775,0.102635585,0.024401663
0.036131166891240504,0.10361065,0.024453511
0.036283726030642234,0.094487265,0.02442047
0.036436285170043964,0.09092881,0.024538156
0.0365888443094457,0.095046505,0.025002226
0.03674140344884743,0.08584696,0.025407942
0.03689396258824917,0.08573915,0.025664413
0.0370465217276509,0.08811667,0.025879532
0.037199080867052634,0.09442515,0.026048135
0.03735164000645436,0.10110241,0.026183594
0.03750419914585609,0.08389044,0.026386999
0.03765675828525783,0.07808218,0.02662402
0.037809317424659566,0.10061696,0.026841467
0.037961876564061296,0.083526194,0.02696335
0.038114435703463026,0.106824435,0.027112676
0.038266994842864756,0.09295671,0.027203519
0.03841955398226649,0.08725788,0.027357206
0.03857211312166822,0.074568495,0.027600423
0.03872467226106996,0.08385246,0.02781018
0.03887723140047169,0.07150743,0.027873844
0.039029790539873425,0.07344907,0.02798529
0.039182349679275155,0.09483484,0.028109198
0.039334908818676885,0.09302562,0.028266165
0.03948746795807862,0.083680466,0.028476588
0.03964002709748035,0.08669582,0.0287077
0.03979258623688209,0.08118522,0.028763773
0.03994514537628382,0.09004198,0.0289358
0.040097704515685555,0.09714697,0.029063951
0.040250263655087284,0.07406845,0.029146705
0.040402822794489014,0.071799375,0.029365687
0.040555381933890744,0.0741301,0.029541882
0.04070794107329248,0.0884969,0.029680276
0.04086050021269422,0.07909373,0.029700309
0.04101305935209595,0.09200913,0.029869337
0.04116561849149768,0.07598222,0.030024067
0.041318177630899414,0.08607855,0.030115109
0.04147073677030114,0.09241555,0.029931424
0.04162329590970287,0.0975503,0.029124463
0.04177585504910461,0.10311715,0.028753662
0.04192841418850635,0.09047857,0.028566726
0.042080973327908076,0.07167937,0.028309781
0.042233532467309806,0.08231359,0.028116362
0.042386091606711536,0.076705836,0.028013581
0.04253865074611327,0.09888178,0.027907137
0.042691209885515,0.09649655,0.02773701
0.04284376902491674,0.097826034,0.02764514
0.04299632816431847,0.09236781,0.027575465
0.043148887303720206,0.09386689,0.027468706
0.043301446443121935,0.06690595,0.02735887
0.043454005582523665,0.080882266,0.027310226
0.043606564721925395,0.070278965,0.027154485
0.04375912386132713,0.09253359,0.02716177
0.04391168300072887,0.08441633,0.027069429
0.0440642421401306,0.085575335,0.027077893
0.044216801279532335,0.08597103,0.026972855
0.044369360418934065,0.08247801,0.026892055
0.044521919558335794,0.09117272,0.026841333
0.044674478697737524,0.08718368,0.026795046
0.04482703783713926,0.086649835,0.026739983
0.044979596976541,0.08821002,0.026736716
0.04513215611594273,0.08533424,0.02667643
0.04528471525534446,0.07200342,0.026604345
0.045437274394746194,0.09017574,0.026499249
0.045589833534147924,0.098831214,0.026490266
0.04574239267354965,0.10617173,0.0264769
0.04589495181295139,0.08231379,0.026334872
0.04604751095235313,0.0936137,0.026293932
0.046200070091754857,0.09411322,0.026206039
0.046352629231156586,0.08430699,0.026082791
0.046505188370558316,0.08594887,0.026050622
0.04665774750996005,0.08998371,0.025980413
0.04681030664936178,0.085489705,0.025885861
0.04696286578876352,0.081863366,0.025873538
0.04711542492816525,0.0985327,0.02579505
0.047267984067566986,0.09785328,0.025719272
0.047420543206968715,0.108892515,0.025616422
0.047573102346370445,0.09066213,0.02558381
0.047725661485772175,0.0876934,0.02551212
0.04787822062517391,0.08454576,0.025472855
0.04803077976457565,0.084162,0.025381017
0.04818333890397738,0.08069149,0.025292637
0.04833589804337911,0.06902459,0.025214711
0.048488457182780845,0.06316371,0.025157424
0.048641016322182574,0.062279712,0.025122937
0.048793575461584304,0.074804254,0.025086166
0.04894613460098604,0.07883671,0.02498702
0.04909869374038778,0.08082425,0.024905408
0.04925125287978951,0.0898625,0.024891539
0.04940381201919124,0.07943751,0.024878522
0.049556371158592974,0.078751825,0.024787234
0.049708930297994704,0.08093045,0.024735015
0.04986148943739643,0.087479584,0.024742518
0.05001404857679817,0.08059986,0.024675522
0.0501666077161999,0.080767155,0.02466117
0.05031916685560163,0.07789763,0.024646353
0.05047172599500337,0.07349032,0.024619572
0.0506242851344051,0.09331962,0.02465057
0.05077684427380683,0.09312206,0.02460989
0.05092940341320856,0.08384776,0.024521986
0.0510819625526103,0.07401106,0.02448535
0.05123452169201203,0.06514505,0.024480693
0.05138708083141376,0.0663022,0.024472073
0.05153963997081549,0.067412645,0.024443274
0.05169219911021723,0.07564627,0.024426535
0.05184475824961896,0.08203101,0.024405133
0.05199731738902069,0.097507365,0.024357812
0.05214987652842243,0.08962866,0.024388619
0.05230243566782416,0.07332083,0.024354735
0.05245499480722589,0.0777401,0.024336906
0.05260755394662762,0.07505098,0.024339128
0.05276011308602935,0.08062357,0.024268499
0.05291267222543109,0.07248001,0.024210539
0.05306523136483282,0.08853191,0.024247473
0.05321779050423456,0.08444971,0.02423893
0.05337034964363629,0.07613712,0.024219846
0.05352290878303802,0.086446084,0.024187338
0.05367546792243975,0.07100322,0.024161523
0.05382802706184148,0.07562931,0.024111595
0.05398058620124322,0.07800994,0.024095036
0.05413314534064495,0.073507234,0.024119202
0.05428570448004669,0.07196223,0.024099208
0.05443826361944842,0.0686078,0.0240422
0.05459082275885015,0.07281213,0.024050355
0.054743381898251876,0.079885684,0.023968507
0.054895941037653606,0.08396252,0.023972861
0.05504850017705534,0.083053514,0.023980323
0.05520105931645708,0.08315348,0.023957632
0.055353618455858816,0.091497645,0.023936504
0.055506177595260546,0.084840424,0.023883376
0.055658736734662276,0.08815811,0.023851277
0.055811295874064006,0.076284364,0.023878278
0.055963855013465735,0.071469925,0.023823503
0.05611641415286747,0.06947386,0.023829643
0.0562689732922692,0.07318531,0.023808552
0.056421532431670945,0.07105404,0.023779416
0.056574091571072675,0.06860681,0.023736918
0.056726650710474405,0.063965924,0.02373703
0.056879209849876135,0.067185216,0.023736821
0.057031768989277865,0.0741958,0.023696763
0.0571843281286796,0.06745105,0.023706755
0.05733688726808133,0.08114846,0.023679009
0.05748944640748306,0.073388316,0.023646872
0.057642005546884804,0.07146534,0.023595404
0.057794564686286534,0.07095137,0.023642115
0.057947123825688264,0.07672653,0.023597635
0.058099682965089994,0.083050765,0.02362017
0.05825224210449173,0.068526834,0.023530288
0.05840480124389346,0.08259921,0.02355373
0.05855736038329519,0.07435982,0.023529543
0.058709919522696934,0.070691645,0.023502048
0.05886247866209866,0.06751331,0.023450986
0.05901503780150039,0.08203278,0.023473736
0.05916759694090212,0.07693369,0.023430431
0.05932015608030386,0.06815439,0.023375815
0.05947271521970559,0.07961165,0.02339115
0.05962527435910732,0.07243949,0.023363564
0.05977783349850905,0.076617725,0.023380253
0.05993039263791079,0.06908911,0.02336114
0.06008295177731252,0.062502995,0.023341654
0.06023551091671425,0.061638877,0.023320867
0.06038807005611599,0.06961264,0.023251532
0.06054062919551772,0.073079705,0.023274995
0.06069318833491945,0.06502393,0.023239085
0.06084574747432118,0.08016358,0.023229327
0.06099830661372291,0.067276426,0.023213355
0.06115086575312465,0.06725406,0.02316704
0.06130342489252638,0.07647664,0.023134355
0.06145598403192812,0.06868699,0.023144389
0.06160854317132985,0.07429673,0.023136297
0.06176110231073158,0.069988914,0.023116374
0.06191366145013331,0.07800224,0.02316633
0.06206622058953504,0.07233415,0.023094023
0.062218779728936774,0.076865494,0.023025574
0.06237133886833851,0.070550434,0.023037655
0.06252389800774025,0.066904135,0.023038315
0.06267645714714197,0.06310811,0.023006521
0.0628290162865437,0.06751952,0.02301255
0.06298157542594544,0.059728447,0.022953812
0.06313413456534717,0.06749859,0.022937298
0.0632866937047489,0.065131135,0.022930771
0.06343925284415063,0.06287694,0.022931999
0.06359181198355238,0.0625314,0.022906398
0.0637443711229541,0.07200143,0.022899127
0.06389693026235584,0.064422734,0.022872439
0.06404948940175757,0.06949408,0.02283171
0.0642020485411593,0.067344345,0.022817487
0.06435460768056103,0.07366149,0.02280952
0.06450716681996276,0.07206498,0.02279936
0.0646597259593645,0.06800719,0.022793574
0.06481228509876623,0.06972877,0.02278813
0.06496484423816797,0.06658148,0.022727638
0.0651174033775697,0.06986906,0.022715837
0.06526996251697142,0.066292405,0.02273996
0.06542252165637316,0.073832996,0.02271497
0.06557508079577488,0.07584811,0.022698538
0.06572763993517662,0.07038159,0.022675466
0.06588019907457836,0.06580172,0.02262042
0.0660327582139801,0.070937775,0.02262567
0.06618531735338183,0.063339375,0.0226229
0.06633787649278355,0.06460375,0.02258749
0.06649043563218529,0.073779605,0.0225997
0.06664299477158701,0.0751237,0.022565365
0.06679555391098875,0.08030926,0.022512276
0.06694811305039049,0.07100499,0.022538122
0.06710067218979222,0.07181045,0.022514952
0.06725323132919396,0.06999617,0.022508007
0.06740579046859568,0.070135735,0.022497317
0.06755834960799742,0.062243104,0.022463346
0.06771090874739914,0.0694728,0.022456778
0.06786346788680088,0.07153168,0.022417812
0.06801602702620262,0.06761746,0.022416428
0.06816858616560434,0.06911424,0.022403965
0.06832114530500609,0.0829992,0.0224127
0.06847370444440781,0.065091416,0.022375584
0.06862626358380955,0.07899159,0.022318168
0.06877882272321127,0.077604,0.02229831
0.06893138186261301,0.07120712,0.022327924
0.06908394100201475,0.062022794,0.022281643
0.06923650014141647,0.06831379,0.022288509
0.06938905928081822,0.06453921,0.02225198
0.06954161842021994,0.058347367,0.022228748
0.06969417755962168,0.05927159,0.022189118
0.0698467366990234,0.056652915,0.022200622
0.06999929583842514,0.05626437,0.022195864
0.07015185497782687,0.06495483,0.022177426
0.0703044141172286,0.07165597,0.022171028
0.07045697325663033,0.06774157,0.022148853
0.07060953239603207,0.072537534,0.022124624
0.07076209153543381,0.06620257,0.022139108
0.07091465067483553,0.06140271,0.022105582
0.07106720981423727,0.063214876,0.022107609
0.071219768953639,0.06866257,0.022071699
0.07137232809304073,0.072787255,0.022049846
0.07152488723244246,0.0673684,0.021994116
0.07167744637184419,0.07405566,0.022049695
0.07183000551124594,0.07030693,0.022020001
0.07198256465064766,0.06384197,0.022008738
0.0721351237900494,0.0688913,0.0219834
0.07228768292945113,0.07471909,0.021956034
0.07244024206885286,0.061908856,0.02192677
0.07259280120825459,0.059477843,0.021926599
0.07274536034765632,0.067666315,0.021907311
0.07289791948705805,0.06419667,0.021896614
0.07305047862645979,0.06635212,0.02191343
0.07320303776586153,0.062229175,0.021897852
0.07335559690526326,0.06350688,0.021817174
0.07350815604466499,0.07661161,0.021863326
0.07366071518406672,0.07433105,0.021852478
0.07381327432346844,0.07947445,0.021830464
0.07396583346287018,0.06779634,0.02182165
0.07411839260227192,0.070435785,0.021809025
0.07427095174167365,0.060375094,0.021748533
0.07442351088107539,0.057873413,0.021737142
0.07457607002047711,0.061675802,0.021737216
0.07472862915987885,0.07121824,0.021731282
0.07488118829928057,0.062518865,0.021726374
0.07503374743868231,0.060572222,0.021714088
0.07518630657808405,0.05742895,0.021655677
0.07533886571748578,0.07311926,0.021669406
0.07549142485688752,0.06188122,0.021666344
0.07564398399628924,0.058542803,0.021632005
0.07579654313569098,0.061658047,0.021647206
0.07594910227509272,0.06545208,0.021605792
0.07610166141449444,0.066950224,0.021542162
0.07625422055389618,0.07252683,0.021564478
0.0764067796932979,0.06989393,0.021567654
0.07655933883269965,0.07428158,0.021555299
0.07671189797210137,0.07176399,0.021559114
0.07686445711150311,0.07382496,0.021543669
0.07701701625090485,0.07286967,0.02148639
0.07716957539030657,0.073655054,0.021472706
0.0773221345297083,0.061235137,0.021481184
0.07747469366911003,0.080123484,0.021459509
0.07762725280851177,0.06344896,0.021481058
0.0777798119479135,0.07136956,0.021437207
0.07793237108731524,0.07008017,0.02137903
0.07808493022671698,0.072616465,0.02138066
0.0782374893661187,0.070215434,0.021390162
0.07839004850552043,0.0635749,0.02136112
0.07854260764492216,0.06468875,0.021352438
0.0786951667843239,0.06597404,0.021347776
0.07884772592372563,0.067013286,0.021312378
0.07900028506312737,0.07106434,0.021312205
0.0791528442025291,0.0676495,0.021306843
0.07930540334193083,0.063521154,0.021300806
0.07945796248133256,0.05789629,0.021263078
0.07961052162073429,0.06398261,0.021269351
0.07976308076013602,0.06348328,0.021211693
0.07991563989953776,0.06499096,0.021195084
0.0800681990389395,0.0644284,0.021200575
0.08022075817834123,0.066368885,0.02118121
0.08037331731774296,0.059051376,0.02116148
0.0805258764571447,0.057712886,0.021179408
0.08067843559654642,0.06739345,0.02112634
0.08083099473594815,0.06701103,0.021123137
0.08098355387534989,0.06493452,0.021108542
0.08113611301475161,0.058391865,0.02110715
0.08128867215415336,0.060511835,0.021101957
0.08144123129355509,0.07241716,0.021116987
0.08159379043295682,0.08887512,0.02108371
0.08174634957235855,0.057360765,0.021047635
0.08189890871176028,0.058263242,0.021025736
0.08205146785116202,0.0637079,0.021027632
0.08220402699056374,0.07192616,0.021021865
0.08235658612996548,0.06271916,0.020991929
0.08250914526936722,0.06702837,0.020977788
0.08266170440876895,0.052336257,0.020964185
0.08281426354817067,0.058211584,0.02094299
0.08296682268757241,0.057673804,0.020941949
0.08311938182697415,0.057784643,0.020931257
0.08327194096637587,0.072982214,0.020930944
0.08342450010577761,0.06124262,0.020907836
0.08357705924517934,0.061815616,0.020852182
0.08372961838458108,0.06885438,0.020860048
0.0838821775239828,0.06971772,0.020856358
0.08403473666338454,0.06278376,0.020849887
0.08418729580278628,0.071661994,0.020864518
0.084339854942188,0.05955798,0.020811014
0.08449241408158974,0.04888279,0.020776756
0.08464497322099146,0.06160813,0.020791186
0.08479753236039321,0.060704198,0.02078281
0.08495009149979493,0.06025047,0.020761931
0.08510265063919667,0.06303606,0.020777123
0.0852552097785984,0.06681279,0.020760367
0.08540776891800013,0.06379117,0.020703472
0.08556032805740187,0.056364994,0.020703956
0.08571288719680359,0.065809354,0.020704785
0.08586544633620533,0.054665953,0.020682398
0.08601800547560706,0.058264345,0.02067843
0.0861705646150088,0.06276944,0.020662664
0.08632312375441054,0.061553355,0.020644056
0.08647568289381226,0.059621125,0.02063909
0.086628242033214,0.065350704,0.020645332
0.08678080117261572,0.063372985,0.020606073
0.08693336031201745,0.059525587,0.020611322
0.08708591945141919,0.061110307,0.020605452
0.08723847859082093,0.06518533,0.020583136
0.08739103773022266,0.06956702,0.020562388
0.08754359686962439,0.05860354,0.020558713
0.08769615600902612,0.054821406,0.020526411
0.08784871514842785,0.06741301,0.020560091
0.08800127428782958,0.059310332,0.02052822
0.08815383342723132,0.06731518,0.020483727
0.08830639256663306,0.06572844,0.02048508
0.0884589517060348,0.060490727,0.020471675
0.08861151084543652,0.056623746,0.020454075
0.08876406998483825,0.05853253,0.02047152
0.08891662912423998,0.06193421,0.020434268
0.08906918826364171,0.057355657,0.020423884
0.08922174740304345,0.059746467,0.020396397
0.08937430654244517,0.06277541,0.020387452
0.08952686568184692,0.063438036,0.020391451
0.08967942482124865,0.058174137,0.02038174
0.08983198396065038,0.0636287,0.020372532
0.0899845431000521,0.06989474,0.020345591
0.09013710223945384,0.0757693,0.020351067
0.09028966137885558,0.063949086,0.020319441
0.0904422205182573,0.059373938,0.020326242
0.09059477965765904,0.053391438,0.020294404
0.09074733879706078,0.052522432,0.020281717
0.09089989793646251,0.06040155,0.020263866
0.09105245707586423,0.061477683,0.020235375
0.09120501621526597,0.07521374,0.020241898
0.09135757535466771,0.060576722,0.020248985
0.09151013449406943,0.071017854,0.020236578
0.09166269363347117,0.072072335,0.020220812
0.09181525277287289,0.06889243,0.020223804
0.09196781191227464,0.06653474,0.020183858
0.09212037105167636,0.06103806,0.020186104
0.0922729301910781,0.06069905,0.020175355
0.09242548933047984,0.064887755,0.020155026
0.09257804846988156,0.06966464,0.020153033
0.0927306076092833,0.06304948,0.020141048
0.09288316674868502,0.054153167,0.020096127
0.09303572588808677,0.05853681,0.020112602
0.0931882850274885,0.07050504,0.020094847
0.09334084416689023,0.068095535,0.020104066
0.09349340330629197,0.070508696,0.020075751
0.09364596244569369,0.07083715,0.02006995
0.09379852158509543,0.057409663,0.020025648
0.09395108072449715,0.050930627,0.020028654
0.09410363986389889,0.053772077,0.020032529
0.09425619900330062,0.059661448,0.020025421
0.09440875814270236,0.061252907,0.020019041
0.0945613172821041,0.054557536,0.019998774
0.09471387642150582,0.059834283,0.019950693
0.09486643556090756,0.056667287,0.019954152
0.09501899470030928,0.066902354,0.019959306
0.09517155383971102,0.05902771,0.019936925
0.09532411297911275,0.054994926,0.019940998
0.09547667211851449,0.06331975,0.019911079
0.09562923125791623,0.06638993,0.019906113
0.09578179039731795,0.06840668,0.0199195
0.09593434953671968,0.056059666,0.019912
0.09608690867612141,0.057019044,0.019890869
0.09623946781552314,0.06062967,0.019878658
0.09639202695492488,0.058659796,0.019852946
0.0965445860943266,0.061118007,0.019832887
0.09669714523372835,0.05622839,0.019835744
0.09684970437313008,0.06086681,0.019829342
0.09700226351253181,0.054805405,0.019798998
0.09715482265193354,0.05789526,0.01979166
0.09730738179133527,0.059024695,0.019783216
0.09745994093073701,0.06090545,0.01975078
0.09761250007013873,0.06134732,0.019749882
0.09776505920954047,0.0578468,0.01975141
0.0979176183489422,0.06198216,0.019733362
0.09807017748834394,0.05716963,0.019745048
0.09822273662774567,0.059953075,0.019736072
0.0983752957671474,0.05553286,0.01968986
0.09852785490654914,0.05747976,0.019673
0.09868041404595086,0.06368815,0.019674905
0.0988329731853526,0.07156376,0.019686766
0.09898553232475434,0.06379423,0.019668935
0.09913809146415607,0.06750712,0.019659724
0.0992906506035578,0.0594441,0.01960706
0.09944320974295953,0.05805466,0.01960146
0.09959576888236127,0.059419457,0.019603502
0.09974832802176299,0.059333168,0.019599926
0.09990088716116473,0.057974625,0.019598419
0.10005344630056645,0.054496374,0.01957369
0.10020600543996819,0.058381654,0.019546801
0.10035856457936992,0.058179196,0.01953584
0.10051112371877165,0.064998314,0.019542737
0.10066368285817338,0.06272789,0.019541679
0.10081624199757513,0.059919853,0.019530006
0.10096880113697687,0.06385797,0.019517444
0.1011213602763786,0.058092836,0.019481761
0.10127391941578033,0.057266653,0.019476553
0.10142647855518205,0.055650912,0.01947971
0.10157903769458379,0.055969052,0.019472009
0.10173159683398553,0.05523316,0.019461747
0.10188415597338725,0.06462679,0.019463973
0.10203671511278899,0.064019516,0.019433096
0.10218927425219071,0.060235146,0.019410813
0.10234183339159245,0.06822942,0.019421905
0.10249439253099418,0.071398124,0.01941469
0.1026469516703959,0.05962915,0.019393096
0.10279951080979764,0.06501491,0.019391593
0.10295206994919937,0.058930818,0.019360334
0.10310462908860113,0.05393464,0.019342778
0.10325718822800285,0.057789307,0.019340761
0.10340974736740459,0.053417794,0.019347306
0.10356230650680631,0.06500043,0.01932726
0.10371486564620805,0.0684335,0.019319437
0.10386742478560979,0.056874894,0.019300796
0.10401998392501151,0.06528573,0.019303232
0.10417254306441324,0.06195861,0.01927619
0.10432510220381497,0.058302023,0.019274926
0.1044776613432167,0.06015814,0.019266786
0.10463022048261844,0.06528006,0.01928939
0.10478277962202016,0.06713609,0.019251436
0.1049353387614219,0.060091183,0.019208888
0.10508789790082362,0.06360695,0.01921831
0.10524045704022536,0.06470907,0.019226896
0.1053930161796271,0.061256446,0.019217327
0.10554557531902885,0.05286915,0.019201383
0.10569813445843057,0.060920473,0.019184103
0.10585069359783231,0.060019363,0.019139126
0.10600325273723404,0.05544451,0.019150656
0.10615581187663577,0.056036226,0.019158605
0.1063083710160375,0.06323298,0.0191403
0.10646093015543923,0.062559776,0.019145165
0.10661348929484096,0.05651838,0.019108932
0.1067660484342427,0.05672302,0.019094793
0.10691860757364442,0.04792402,0.019083843
0.10707116671304616,0.056605596,0.019086372
0.10722372585244788,0.06058988,0.019084772
0.10737628499184962,0.07336616,0.019325696
0.10752884413125136,0.07173484,0.01962459
0.10768140327065308,0.05851147,0.019833334
0.10783396241005483,0.055129535,0.020033244
0.10798652154945657,0.053736392,0.02017413
0.1081390806888583,0.04878229,0.02029977
0.10829163982826003,0.05403445,0.020365367
0.10844419896766176,0.062591545,0.020445406
0.10859675810706348,0.06788617,0.020827208
0.10874931724646522,0.0706091,0.021420516
0.10890187638586696,0.07095025,0.021811232
0.10905443552526868,0.061327294,0.022138922
0.10920699466467042,0.06433797,0.022440337
0.10935955380407214,0.06302178,0.022721156
0.10951211294347388,0.057548292,0.022991471
0.10966467208287561,0.051369462,0.02328904
0.10981723122227734,0.0619178,0.023538372
0.10996979036167907,0.05271572,0.023809832
0.1101223495010808,0.05896511,0.024089528
0.11027490864048256,0.054814514,0.024350442
0.11042746777988428,0.0529385,0.02458036
0.11058002691928602,0.057196397,0.024845507
0.11073258605868774,0.9124405,0.03700419
0.11088514519808948,0.07761969,0.025367834
0.11103770433749122,0.067307614,0.02566233
0.11119026347689294,0.061032265,0.02589716
0.11134282261629468,0.0454047,0.026114315
0.1114953817556964,0.069313794,0.026390847
0.11164794089509814,0.068473965,0.026621414
0.11180050003449987,0.058679577,0.026877128
0.1119530591739016,0.0616548,0.027039716
0.11210561831330333,0.06351077,0.027159942
0.11225817745270505,0.06771617,0.027316142
0.11241073659210679,0.061228793,0.027408088
0.11256329573150854,0.06332491,0.027522253
0.11271585487091028,0.062243216,0.02761783
0.112868414010312,0.06750646,0.027749002
0.11302097314971374,0.04963024,0.027834672
0.11317353228911547,0.048867412,0.027951157
0.1133260914285172,0.054812863,0.02804458
0.11347865056791893,0.053432222,0.028094783
0.11363120970732066,0.05821003,0.028160142
0.1137837688467224,0.064714245,0.028221052
0.11393632798612413,0.05630842,0.028265357
0.11408888712552585,0.046124216,0.028264059
0.11424144626492759,0.061094318,0.028321577
0.11439400540432931,0.040461786,0.028405465
0.11454656454373105,0.04464973,0.028397448
0.11469912368313279,0.049077798,0.02841585
0.11485168282253451,0.04673008,0.02846146
0.11500424196193626,0.045126397,0.028494949
0.115156801101338,0.0559148,0.02858345
0.11530936024073973,0.043927062,0.02865979
0.11546191938014146,0.05162778,0.028798115
0.11561447851954319,0.05582224,0.028926147
0.11576703765894492,0.06471423,0.028991636
0.11591959679834665,0.069322914,0.029115602
0.11607215593774839,0.052974854,0.02919893
0.11622471507715011,0.048314165,0.029260395
0.11637727421655185,0.05546205,0.02942883
0.11652983335595357,0.07141654,0.029558374
0.11668239249535531,0.05439487,0.029562877
0.11683495163475704,0.060626123,0.029671745
0.11698751077415877,0.073853396,0.029808082
0.1171400699135605,0.06495421,0.029929291
0.11729262905296226,0.059185088,0.029990226
0.11744518819236399,0.06927725,0.030086461
0.11759774733176571,0.065258436,0.03019203
0.11775030647116745,0.06533399,0.0303385
0.11790286561056917,0.06364692,0.030363306
0.11805542474997091,0.048576735,0.030476585
0.11820798388937265,0.06472393,0.030616041
0.11836054302877437,0.064285226,0.03066794
0.11851310216817611,0.05898786,0.030806229
0.11866566130757783,0.056302734,0.030879818
0.11881822044697957,0.051266797,0.03098452
0.1189707795863813,0.044203036,0.031135578
0.11912333872578303,0.03482339,0.031186905
0.11927589786518476,0.04055695,0.031288352
0.11942845700458649,0.049729135,0.03141448
0.11958101614398822,0.050158564,0.031508483
0.11973357528338997,0.048992716,0.031657573
0.11988613442279171,0.043700058,0.03173356
0.12003869356219343,0.054746676,0.031839676
0.12019125270159517,0.06332299,0.03191696
0.1203438118409969,0.06761707,0.032029167
0.12049637098039863,0.071289,0.032244094
0.12064893011980037,0.06646734,0.03224127
0.12080148925920209,0.07392372,0.03237685
0.12095404839860383,0.08146819,0.032500945
0.12110660753800556,0.07439329,0.032651935
0.12125916667740728,0.07260987,0.03268361
0.12141172581680902,0.06615218,0.032837506
0.12156428495621074,0.058113415,0.03294379
0.12171684409561248,0.040278856,0.033006784
0.12186940323501422,0.048968133,0.0330962
0.12202196237441594,0.0391583,0.033221625
0.12217452151381769,0.03741407,0.033353407
0.12232708065321943,0.037692625,0.033431485
0.12247963979262116,0.041871294,0.033556614
0.12263219893202289,0.05835938,0.0336528
0.12278475807142462,0.04392099,0.03377207
0.12293731721082635,0.046840765,0.03389557
0.12308987635022808,0.04470413,0.03399262
0.12324243548962982,0.040223163,0.03411808
0.12339499462903154,0.042143304,0.034271996
0.12354755376843328,0.033662133,0.03435262
0.123700112907835,0.041786052,0.034509107
0.12385267204723674,0.05141809,0.034640033
0.12400523118663848,0.043804493,0.034697946
0.1241577903260402,0.037736524,0.034882616
0.12431034946544194,0.029946314,0.034937892
0.12446290860484369,0.046212796,0.03505256
0.12461546774424542,0.04440424,0.035199568
0.12476802688364715,0.043633353,0.035323627
0.12492058602304888,0.043600332,0.035435494
0.1250731451624506,0.037355565,0.035571642
0.12522570430185234,0.041765444,0.035664745
0.12537826344125408,0.04244679,0.0358207
0.12553082258065582,0.045609932,0.035954583
0.12568338172005752,0.057807755,0.036064733
0.12583594085945926,0.06175063,0.036188256
0.125988499998861,0.06831082,0.036347125
0.12614105913826273,0.060359526,0.036421016
0.12629361827766447,0.060587846,0.036604397
0.12644617741706618,0.0643491,0.036694817
0.12659873655646792,0.03828865,0.036812518
0.12675129569586965,0.052820407,0.037003454
0.12690385483527142,0.059254147,0.037088472
0.12705641397467313,0.055155866,0.03725775
0.12720897311407486,0.05052571,0.03737179
0.1273615322534766,0.059031554,0.037523493
0.12751409139287834,0.060153667,0.037655935
0.12766665053228007,0.07191223,0.037816983
0.12781920967168178,0.067735076,0.03802027
0.12797176881108352,0.0683557,0.03814611
0.12812432795048526,0.046805702,0.038213953
0.128276887089887,0.0637649,0.03832069
0.12842944622928873,0.056673847,0.03847838
0.12858200536869044,0.06754695,0.038634513
0.12873456450809218,0.05665113,0.038814496
0.1288871236474939,0.05437174,0.038979962
0.12903968278689565,0.055928238,0.039068997
0.12919224192629739,0.038775805,0.039200112
0.12934480106569912,0.05717152,0.03937549
0.12949736020510086,0.044153687,0.039515022
0.1296499193445026,0.0309882,0.039657645
0.12980247848390433,0.044939645,0.03983848
0.12995503762330604,0.045337334,0.03997219
0.13010759676270778,0.048722304,0.040127985
0.13026015590210951,0.03859193,0.040319763
0.13041271504151125,0.0504332,0.04047623
0.130565274180913,0.0621533,0.040672272
0.1307178333203147,0.067967884,0.040870357
0.13087039245971643,0.04296628,0.040929142
0.13102295159911817,0.045119103,0.041112114
0.1311755107385199,0.05330791,0.04135308
0.13132806987792164,0.034091763,0.041519154
0.13148062901732335,0.06667698,0.04168637
0.13163318815672512,0.062121842,0.041892193
0.13178574729612685,0.059808686,0.04195726
0.1319383064355286,0.05602911,0.042216
0.1320908655749303,0.058581676,0.042320244
0.13224342471433204,0.04261493,0.04254594
0.13239598385373377,0.057116903,0.04273565
0.1325485429931355,0.0392274,0.042876326
0.13270110213253725,0.060959958,0.043057505
0.13285366127193896,0.056217045,0.043257333
0.1330062204113407,0.03435579,0.043411214
0.13315877955074243,0.053916276,0.043661762
0.13331133869014417,0.04788098,0.043884307
0.1334638978295459,0.05501621,0.0441963
0.1336164569689476,0.054979496,0.04423843
0.13376901610834935,0.048343062,0.044467703
0.1339215752477511,0.050531212,0.04458263
0.13407413438715285,0.05462469,0.04481493
0.13422669352655456,0.051579803,0.045023553
0.1343792526659563,0.03712561,0.045200564
0.13453181180535803,0.020564388,0.04544969
0.13468437094475977,0.034072176,0.04564899
0.1348369300841615,0.04267439,0.045843847
0.1349894892235632,0.036519814,0.04610459
0.13514204836296495,0.037350457,0.04629562
0.1352946075023667,0.049104977,0.046512015
0.13544716664176842,0.044998877,0.046873186
0.13559972578117016,0.03983637,0.047048755
0.13575228492057187,0.059536017,0.047291677
0.1359048440599736,0.044475175,0.04747931
0.13605740319937534,0.032316927,0.04775092
0.13620996233877708,0.028111981,0.04793066
0.13636252147817882,0.04048084,0.048200343
0.13651508061758055,0.018436242,0.048397753
0.1366676397569823,0.02571555,0.04871829
0.13682019889638403,0.044566188,0.048972838
0.13697275803578576,0.034739792,0.04916256
0.13712531717518747,0.03913773,0.049472593
0.1372778763145892,0.023435416,0.04972376
0.13743043545399095,0.027934203,0.049962297
0.13758299459339268,0.028312266,0.05029077
0.13773555373279442,0.023496456,0.05053185
0.13788811287219613,0.03116092,0.050799362
0.13804067201159786,0.03377797,0.05116201
0.1381932311509996,0.02016943,0.051425472
0.13834579029040134,0.036897127,0.051677592
0.13849834942980307,0.040163945,0.05204057
0.1386509085692048,0.03596927,0.052328702
0.13880346770860655,0.03567629,0.05259845
0.13895602684800828,0.025061216,0.05294905
0.13910858598741002,0.012963116,0.053197943
0.13926114512681173,0.020009113,0.05361346
0.13941370426621347,0.02430874,0.053942204
0.1395662634056152,0.0153685175,0.05418325
0.13971882254501694,0.02608113,0.05458614
0.13987138168441868,0.024695246,0.054920096
0.1400239408238204,0.032287173,0.05522589
0.14017649996322212,0.05385858,0.055658095
0.14032905910262386,0.06688794,0.055978835
0.1404816182420256,0.042734515,0.056325037
0.14063417738142733,0.03230593,0.05678258
0.14078673652082904,0.016086405,0.057098225
0.14093929566023078,0.009184775,0.057492606
0.14109185479963254,0.025594208,0.057965703
0.14124441393903428,0.049787007,0.05839108
0.141396973078436,0.030793395,0.058740746
0.14154953221783773,0.0328058,0.059213378
0.14170209135723946,0.012355832,0.059641387
0.1418546504966412,0.014751464,0.060064312
0.14200720963604294,0.04036342,0.06052773
0.14215976877544464,0.02633213,0.060895238
0.14231232791484638,0.008993368,0.061452683
0.14246488705424812,0.02093809,0.061924353
0.14261744619364985,0.019706106,0.06233962
0.1427700053330516,0.026344206,0.06295047
