#DAT file by SAXSII - Timestamp: 09/12/2024 14:40:47
radial-q_A^-1,intensity,sigma
0.00012720999243161018,6340758.5,825.43036
0.0002797691318333428,6095928.0,535.1196
0.00043232827123507536,5828851.5,421.63928
0.000584887410636808,5472181.0,347.5069
0.0007374465500385405,5037302.5,293.9441
0.0008900056894402731,4542603.5,253.60245
0.0010425648288420058,4017423.5,220.65617
0.0011951239682437384,3496180.5,194.37204
0.001347683107645471,2972881.8,170.67207
0.0015002422470472036,2451196.0,146.16492
0.001652801386448936,1950348.6,122.537094
0.0018053605258506686,1493654.1,101.63471
0.0019579196652524016,1100738.9,83.697525
0.002110478804654134,775227.06,68.423935
0.0022630379440558668,521137.56,55.147854
0.002415597083457599,332787.88,42.672787
0.002568156222859332,201894.95,31.696356
0.0027207153622610643,120091.63,23.476898
0.0028732745016627967,69987.96,17.396887
0.0030258336410645295,39447.094,12.788078
0.003178392780466262,21814.678,9.4139385
0.0033309519198679947,11562.37,6.7212043
0.003483511059269727,5827.432,4.6180396
0.0036360701986714594,2816.513,3.123189
0.0037886293380731927,1320.8444,2.089668
0.003941188477474925,594.5886,1.3712393
0.004093747616876658,265.4401,0.9089082
0.004246306756278391,116.22292,0.59244967
0.004398865895680123,51.38901,0.3854931
0.004551425035081855,22.675013,0.25132847
0.004703984174483589,10.17683,0.16548294
0.004856543313885321,5.0394597,0.116353005
0.005009102453287053,2.7397878,0.086781725
0.005161661592688786,1.7380319,0.0702868
0.005314220732090518,1.3453848,0.06241199
0.005466779871492251,1.216133,0.060069848
0.005619339010893984,1.0869809,0.057638083
0.005771898150295716,0.95465815,0.054524295
0.0059244572896974485,0.880735,0.05224397
0.006077016429099181,0.7948085,0.050989807
0.006229575568500914,0.6666765,0.049168747
0.006382134707902647,0.65264595,0.04878862
0.00653469384730438,0.64137375,0.048712414
0.006687252986706112,0.5913915,0.04681088
0.0068398121261078445,0.55476063,0.046444133
0.006992371265509577,0.5411139,0.045714647
0.00714493040491131,0.5111861,0.044593975
0.0072974895443130424,0.49548632,0.043948255
0.0074500486837147765,0.43555588,0.04352223
0.007602607823116509,0.39689943,0.042556044
0.007755166962518241,0.3948148,0.042130712
0.007907726101919975,0.3717321,0.041786175
0.008060285241321706,0.35439813,0.041186325
0.00821284438072344,0.34692842,0.040816005
0.00836540352012517,0.29416147,0.039943162
0.008517962659526904,0.32285687,0.039912935
0.008670521798928637,0.30788675,0.03946794
0.008823080938330369,0.2944745,0.038888842
0.008975640077732102,0.3245463,0.038676277
0.009128199217133834,0.27679965,0.038050827
0.009280758356535567,0.24657586,0.037737645
0.0094333174959373,0.24650945,0.03740698
0.009585876635339032,0.22796513,0.037126053
0.009738435774740765,0.25523844,0.036652688
0.009890994914142498,0.24513523,0.03651768
0.01004355405354423,0.26863325,0.03644211
0.010196113192945963,0.24033855,0.035842326
0.010348672332347694,0.24551526,0.035517834
0.010501231471749427,0.24236968,0.03542788
0.01065379061115116,0.21496332,0.035272013
0.010806349750552892,0.22398365,0.03482552
0.010958908889954625,0.19555219,0.034417532
0.011111468029356357,0.209227,0.034337398
0.01126402716875809,0.21354689,0.03429091
0.011416586308159823,0.1973413,0.03372755
0.011569145447561555,0.21032579,0.03385633
0.011721704586963288,0.20906053,0.03349884
0.01187426372636502,0.21412851,0.033116598
0.012026822865766753,0.1867064,0.032885212
0.012179382005168486,0.18459721,0.032837518
0.012331941144570218,0.20206064,0.032572575
0.012484500283971953,0.22482848,0.032448765
0.012637059423373682,0.19547227,0.03217926
0.012789618562775416,0.19395654,0.031711515
0.012942177702177147,0.18713593,0.03171333
0.01309473684157888,0.16531034,0.031601895
0.013247295980980612,0.16803786,0.031231971
0.013399855120382345,0.18321665,0.031255677
0.013552414259784077,0.15303336,0.030867437
0.013704973399185812,0.16968454,0.030764995
0.013857532538587541,0.18420947,0.030749375
0.014010091677989276,0.16016649,0.030389674
0.014162650817391008,0.17807095,0.030336915
0.014315209956792741,0.18753271,0.030225629
0.014467769096194473,0.16595684,0.0299063
0.014620328235596206,0.16305152,0.029794287
0.01477288737499794,0.1542549,0.029625313
0.01492544651439967,0.14938721,0.029456709
0.015078005653801406,0.14853975,0.029307093
0.015230564793203137,0.15234043,0.029151998
0.01538312393260487,0.16028875,0.02900291
0.015535683072006602,0.16035977,0.028832706
0.015688242211408337,0.1587641,0.028719056
0.015840801350810067,0.16908988,0.028656503
0.0159933604902118,0.16378272,0.028595973
0.016145919629613533,0.14082104,0.028264254
0.016298478769015266,0.14708273,0.028265288
0.016451037908416996,0.12936223,0.02799997
0.01660359704781873,0.14460395,0.027867274
0.016756156187220463,0.16209267,0.027775867
0.016908715326622196,0.16887368,0.027746765
0.017061274466023926,0.16605748,0.02752947
0.017213833605425662,0.16887444,0.027421301
0.017366392744827392,0.14096923,0.027320642
0.017518951884229125,0.13517568,0.0271461
0.01767151102363086,0.12563272,0.027013924
0.017824070163032592,0.13511543,0.026962802
0.01797662930243432,0.15065013,0.026973475
0.018129188441836055,0.13265382,0.02671416
0.018281747581237788,0.12664045,0.02652902
0.01843430672063952,0.12473843,0.026462205
0.01858686586004125,0.12945311,0.026394507
0.018739424999442988,0.13220952,0.026293926
0.018891984138844718,0.12398005,0.026161756
0.01904454327824645,0.13275062,0.026110075
0.019197102417648184,0.12049633,0.025909103
0.019349661557049917,0.12285752,0.025764093
0.019502220696451647,0.11084059,0.02571124
0.019654779835853384,0.13728702,0.02565093
0.019807338975255117,0.14032738,0.025563033
0.019959898114656847,0.12734513,0.02547367
0.02011245725405858,0.12977873,0.025347259
0.020265016393460313,0.14469875,0.02526102
0.020417575532862046,0.13911186,0.025130795
0.020570134672263776,0.13141732,0.025072848
0.020722693811665513,0.1303731,0.024995038
0.020875252951067243,0.12369738,0.024899852
0.021027812090468976,0.1263959,0.024765301
0.02118037122987071,0.11310033,0.024652578
0.021332930369272442,0.12087131,0.024621738
0.021485489508674172,0.109388486,0.02450002
0.021638048648075905,0.108434275,0.024419913
0.02179060778747764,0.1248273,0.024325307
0.021943166926879372,0.12798154,0.024313685
0.0220957260662811,0.14056434,0.024141245
0.02224828520568284,0.11037768,0.024044001
0.022400844345084568,0.119231775,0.024016265
0.0225534034844863,0.12116773,0.023919482
0.022705962623888035,0.12614709,0.02384396
0.022858521763289768,0.124839224,0.023776308
0.023011080902691498,0.12578608,0.02366193
0.02316364004209323,0.11378514,0.023558063
0.023316199181494964,0.107957356,0.02352073
0.023468758320896697,0.105853006,0.023500742
0.023621317460298427,0.11474595,0.02337
0.023773876599700164,0.112499885,0.023324085
0.023926435739101894,0.121140465,0.023213504
0.024078994878503627,0.104777746,0.023096887
0.02423155401790536,0.10705871,0.023068428
0.024384113157307093,0.13783906,0.023039734
0.024536672296708823,0.11825365,0.022935674
0.024689231436110556,0.10956633,0.022834213
0.024841790575512293,0.121524915,0.022778334
0.024994349714914023,0.11809785,0.022725211
0.025146908854315753,0.10849038,0.022691129
0.02529946799371749,0.10308468,0.022588361
0.025452027133119223,0.09986812,0.02250056
0.025604586272520952,0.11572058,0.022503905
0.025757145411922686,0.1050743,0.022343546
0.025909704551324422,0.10401629,0.022240363
0.026062263690726152,0.11211582,0.022251368
0.026214822830127882,0.11380113,0.022218503
0.026367381969529615,0.11360073,0.022157935
0.026519941108931352,0.11192784,0.02204697
0.02667250024833308,0.11094465,0.022012554
0.026825059387734815,0.11263897,0.021903329
0.026977618527136545,0.10078102,0.021868655
0.02713017766653828,0.11742024,0.021829668
0.02728273680594001,0.10423358,0.021757757
0.027435295945341744,0.0999587,0.021820897
0.027587855084743474,0.1168857,0.022052675
0.02774041422414521,0.09739546,0.022052445
0.027892973363546944,0.09201038,0.022129588
0.028045532502948674,0.10713977,0.022160808
0.028198091642350404,0.10361131,0.022204412
0.02835065078175214,0.11036127,0.022271482
0.028503209921153874,0.10290436,0.022244794
0.028655769060555603,0.10482936,0.022291156
0.028808328199957337,0.11198642,0.022252114
0.028960887339359073,0.094222166,0.022234494
0.029113446478760803,0.10666508,0.022282472
0.029266005618162533,0.10497627,0.022274792
0.02941856475756427,0.09274044,0.022301603
0.029571123896966003,0.10081851,0.022253169
0.029723683036367732,0.10411856,0.022247603
0.029876242175769466,0.10145675,0.02221416
0.030028801315171202,0.112973824,0.022267345
0.030181360454572932,0.11381942,0.022277217
0.030333919593974662,0.09414919,0.022257857
0.030486478733376395,0.09909533,0.022209238
0.030639037872778132,0.09798298,0.022283306
0.03079159701217986,0.08999313,0.0225742
0.030944156151581595,0.08852456,0.02278634
0.031096715290983325,0.101260334,0.022919936
0.03124927443038506,0.09281316,0.023007877
0.03140183356978679,0.08772435,0.023087803
0.03155439270918852,0.0994332,0.0231766
0.03170695184859026,0.102179885,0.023249691
0.031859510987991994,0.09636441,0.023349576
0.032012070127393724,0.09274473,0.023462502
0.032164629266795454,0.10468623,0.023493933
0.032317188406197184,0.09618124,0.023522463
0.03246974754559892,0.09679548,0.023592742
0.03262230668500065,0.09985681,0.023684012
0.03277486582440239,0.08831735,0.023670124
0.03292742496380412,0.09258602,0.02375568
0.03307998410320585,0.08361773,0.02380479
0.03323254324260758,0.09232601,0.023831394
0.03338510238200931,0.091594905,0.023867719
0.03353766152141104,0.103789136,0.023935787
0.03369022066081278,0.10041773,0.023934925
0.033842779800214516,0.10006132,0.023980234
0.033995338939616246,0.08570018,0.024056746
0.034147898079017976,0.08090455,0.024028586
0.03430045721841971,0.08555314,0.024081541
0.03445301635782144,0.10864883,0.024136811
0.03460557549722317,0.08987434,0.02412488
0.03475813463662491,0.071391225,0.024176003
0.034910693776026645,0.10301328,0.024243139
0.035063252915428375,0.09559487,0.024242109
0.035215812054830105,0.10114562,0.024265643
0.03536837119423184,0.1054227,0.024346456
0.03552093033363357,0.08855434,0.024362447
0.0356734894730353,0.076429635,0.024354747
0.03582604861243704,0.084136225,0.024363589
0.035978607751838775,0.08782305,0.024400586
0.036131166891240504,0.08336972,0.024417918
0.036283726030642234,0.09334921,0.024442462
0.036436285170043964,0.082835525,0.02452147
0.0365888443094457,0.10182517,0.0250247
0.03674140344884743,0.11585417,0.025405046
0.03689396258824917,0.09679815,0.025664061
0.0370465217276509,0.09452421,0.025900347
0.037199080867052634,0.09600718,0.02602029
0.03735164000645436,0.08964073,0.026185807
0.03750419914585609,0.09565832,0.026517244
0.03765675828525783,0.08641167,0.026654249
0.037809317424659566,0.10060804,0.026872009
0.037961876564061296,0.08237971,0.026976427
0.038114435703463026,0.08606897,0.02707806
0.038266994842864756,0.09035294,0.027226755
0.03841955398226649,0.09551408,0.02741342
0.03857211312166822,0.090955876,0.027661823
0.03872467226106996,0.08347495,0.027803177
0.03887723140047169,0.079645105,0.027872918
0.039029790539873425,0.076181866,0.027990127
0.039182349679275155,0.07883113,0.028113713
0.039334908818676885,0.082589276,0.028260326
0.03948746795807862,0.08410934,0.028483987
0.03964002709748035,0.08927229,0.028692365
0.03979258623688209,0.08654503,0.028787892
0.03994514537628382,0.07279691,0.028903218
0.040097704515685555,0.07576109,0.02895813
0.040250263655087284,0.08980353,0.029180404
0.040402822794489014,0.08503891,0.029442878
0.040555381933890744,0.07737029,0.029568646
0.04070794107329248,0.08266796,0.029680723
0.04086050021269422,0.08630604,0.029795002
0.04101305935209595,0.08088244,0.02982861
0.04116561849149768,0.08032858,0.029927285
0.041318177630899414,0.08821806,0.03015776
0.04147073677030114,0.07832519,0.029914295
0.04162329590970287,0.07483561,0.029143592
0.04177585504910461,0.07302092,0.028717661
0.04192841418850635,0.09028195,0.028538896
0.042080973327908076,0.09466702,0.028356338
0.042233532467309806,0.08766897,0.028157862
0.042386091606711536,0.09121178,0.028010558
0.04253865074611327,0.09247168,0.02793472
0.042691209885515,0.08374194,0.027734963
0.04284376902491674,0.080522455,0.0276003
0.04299632816431847,0.07996978,0.027556213
0.043148887303720206,0.092731014,0.027460387
0.043301446443121935,0.10611882,0.027422035
0.043454005582523665,0.08351122,0.027272325
0.043606564721925395,0.07062975,0.027194941
0.04375912386132713,0.08798208,0.027115332
0.04391168300072887,0.09266304,0.027119042
0.0440642421401306,0.079300076,0.027015965
0.044216801279532335,0.08490196,0.026960498
0.044369360418934065,0.080057904,0.026921775
0.044521919558335794,0.081235036,0.026829839
0.044674478697737524,0.079455145,0.026773972
0.04482703783713926,0.08010304,0.026741445
0.044979596976541,0.076455325,0.026720263
0.04513215611594273,0.088216044,0.02661874
0.04528471525534446,0.07139705,0.026588496
0.045437274394746194,0.08019441,0.026537625
0.045589833534147924,0.08741961,0.026513053
0.04574239267354965,0.080395184,0.02642603
0.04589495181295139,0.066379584,0.02636163
0.04604751095235313,0.071542956,0.026287157
0.046200070091754857,0.09084816,0.026195532
0.046352629231156586,0.08219579,0.026143607
0.046505188370558316,0.09055146,0.026073389
0.04665774750996005,0.070606925,0.025985107
0.04681030664936178,0.07001759,0.025870165
0.04696286578876352,0.06699592,0.025828581
0.04711542492816525,0.07520505,0.025786016
0.047267984067566986,0.08357627,0.025710575
0.047420543206968715,0.07848946,0.025622953
0.047573102346370445,0.0755598,0.02555149
0.047725661485772175,0.081556164,0.025501331
0.04787822062517391,0.08171086,0.025435777
0.04803077976457565,0.09294242,0.025395611
0.04818333890397738,0.08149349,0.025274182
0.04833589804337911,0.08478324,0.02521448
0.048488457182780845,0.07358597,0.025172079
0.048641016322182574,0.080277845,0.025138054
0.048793575461584304,0.08005282,0.025082584
0.04894613460098604,0.08090284,0.025017384
0.04909869374038778,0.06945591,0.024903575
0.04925125287978951,0.07511424,0.024873191
0.04940381201919124,0.0837826,0.02486257
0.049556371158592974,0.08288701,0.024768757
0.049708930297994704,0.07836138,0.024720903
0.04986148943739643,0.08276721,0.024746012
0.05001404857679817,0.08332171,0.024703233
0.0501666077161999,0.06650179,0.02463402
0.05031916685560163,0.077511966,0.024639718
0.05047172599500337,0.08349709,0.024630528
0.0506242851344051,0.075359896,0.024572702
0.05077684427380683,0.08009076,0.02457411
0.05092940341320856,0.08254695,0.024530476
0.0510819625526103,0.074981146,0.024508204
0.05123452169201203,0.07010043,0.024493909
0.05138708083141376,0.08967709,0.024488464
0.05153963997081549,0.08390001,0.024469992
0.05169219911021723,0.08399531,0.02445244
0.05184475824961896,0.08611052,0.024421036
0.05199731738902069,0.08600733,0.02434351
0.05214987652842243,0.072711445,0.0243482
0.05230243566782416,0.06865676,0.024319954
0.05245499480722589,0.0658506,0.024338791
0.05260755394662762,0.0676327,0.02434318
0.05276011308602935,0.071254,0.024314404
0.05291267222543109,0.08707638,0.02423315
0.05306523136483282,0.09622215,0.02425705
0.05321779050423456,0.09332673,0.024242349
0.05337034964363629,0.08112081,0.024201166
0.05352290878303802,0.08141381,0.024198504
0.05367546792243975,0.09132057,0.024150703
0.05382802706184148,0.08637248,0.024120772
0.05398058620124322,0.07605951,0.024080189
0.05413314534064495,0.07414258,0.024092179
0.05428570448004669,0.07532487,0.024087321
0.05443826361944842,0.06056638,0.02406482
0.05459082275885015,0.08196864,0.02404886
0.054743381898251876,0.08082394,0.024000721
0.054895941037653606,0.077694245,0.023972394
0.05504850017705534,0.07455645,0.023939526
0.05520105931645708,0.077858135,0.023929495
0.055353618455858816,0.08130626,0.023972265
0.055506177595260546,0.06900611,0.023893736
0.055658736734662276,0.07893572,0.023858197
0.055811295874064006,0.08017171,0.023879476
0.055963855013465735,0.065434046,0.023833971
0.05611641415286747,0.07627758,0.023848012
0.0562689732922692,0.0738231,0.023837728
0.056421532431670945,0.07398155,0.023779549
0.056574091571072675,0.07731263,0.023777166
0.056726650710474405,0.07557322,0.023745457
0.056879209849876135,0.08121017,0.023745202
0.057031768989277865,0.075438246,0.023704158
0.0571843281286796,0.077844486,0.023702325
0.05733688726808133,0.06829456,0.023662772
0.05748944640748306,0.06836604,0.023626568
0.057642005546884804,0.06885642,0.023625065
0.057794564686286534,0.06227608,0.023596287
0.057947123825688264,0.07441437,0.023592342
0.058099682965089994,0.07463337,0.023637043
0.05825224210449173,0.0756113,0.02358744
0.05840480124389346,0.08282974,0.023507068
0.05855736038329519,0.088057466,0.023522664
0.058709919522696934,0.079023674,0.023481756
0.05886247866209866,0.072180726,0.023469428
0.05901503780150039,0.076472804,0.023439748
0.05916759694090212,0.067722715,0.023419721
0.05932015608030386,0.061417665,0.023375163
0.05947271521970559,0.07005486,0.023361368
0.05962527435910732,0.07740957,0.023396198
0.05977783349850905,0.06801728,0.023372432
0.05993039263791079,0.06782501,0.0233453
0.06008295177731252,0.06812768,0.023314504
0.06023551091671425,0.066555254,0.023274183
0.06038807005611599,0.059060052,0.023248365
0.06054062919551772,0.06952311,0.023276325
0.06069318833491945,0.07559132,0.023252223
0.06084574747432118,0.06406931,0.023226948
0.06099830661372291,0.05986613,0.02320234
0.06115086575312465,0.068523176,0.023164265
0.06130342489252638,0.07469726,0.02314677
0.06145598403192812,0.06864182,0.023152083
0.06160854317132985,0.07034498,0.023142675
0.06176110231073158,0.060227435,0.023157563
0.06191366145013331,0.068232,0.023105178
0.06206622058953504,0.060899984,0.023053536
0.062218779728936774,0.072040915,0.023038978
0.06237133886833851,0.06688099,0.023037476
0.06252389800774025,0.06974637,0.023010647
0.06267645714714197,0.07122299,0.023009209
0.0628290162865437,0.0629733,0.022982229
0.06298157542594544,0.07094661,0.022972304
0.06313413456534717,0.08265604,0.022940503
0.0632866937047489,0.05543695,0.022915136
0.06343925284415063,0.074542604,0.02292479
0.06359181198355238,0.07556818,0.022942718
0.0637443711229541,0.07106018,0.022911804
0.06389693026235584,0.07309142,0.022846239
0.06404948940175757,0.06759338,0.022827988
0.0642020485411593,0.075729586,0.022847233
0.06435460768056103,0.067944854,0.022819206
0.06450716681996276,0.06477193,0.022785652
0.0646597259593645,0.06601481,0.022786168
0.06481228509876623,0.07767304,0.022780336
0.06496484423816797,0.080042794,0.022738986
0.0651174033775697,0.06154318,0.022707075
0.06526996251697142,0.06050197,0.022694547
0.06542252165637316,0.05390994,0.022674922
0.06557508079577488,0.071192086,0.022724515
0.06572763993517662,0.062028028,0.022668246
0.06588019907457836,0.058686156,0.022610303
0.0660327582139801,0.055955652,0.022612996
0.06618531735338183,0.068876654,0.022644967
0.06633787649278355,0.07094065,0.022585519
0.06649043563218529,0.06801221,0.022576658
0.06664299477158701,0.062498342,0.02257528
0.06679555391098875,0.06294124,0.022533761
0.06694811305039049,0.06558173,0.02252815
0.06710067218979222,0.06340279,0.022523979
0.06725323132919396,0.06409486,0.022485366
0.06740579046859568,0.06514593,0.022498451
0.06755834960799742,0.07014962,0.022487827
0.06771090874739914,0.069777206,0.0224292
0.06786346788680088,0.06014042,0.022402266
0.06801602702620262,0.06734254,0.022410033
0.06816858616560434,0.065961145,0.022378251
0.06832114530500609,0.05510331,0.02237697
0.06847370444440781,0.05896125,0.022361347
0.06862626358380955,0.07293301,0.022347776
0.06877882272321127,0.060516957,0.022296857
0.06893138186261301,0.06449873,0.022320872
0.06908394100201475,0.0689636,0.022290776
0.06923650014141647,0.0720078,0.022280393
0.06938905928081822,0.065915495,0.022280172
0.06954161842021994,0.069401935,0.022218892
0.06969417755962168,0.06433855,0.022221759
0.0698467366990234,0.06765639,0.022203654
0.06999929583842514,0.06748683,0.022220645
0.07015185497782687,0.07129225,0.022166586
0.0703044141172286,0.05904315,0.022192495
0.07045697325663033,0.06722399,0.022168301
0.07060953239603207,0.06093629,0.0221074
0.07076209153543381,0.07153877,0.022113534
0.07091465067483553,0.080785185,0.022111123
0.07106720981423727,0.06643615,0.022072636
0.071219768953639,0.06217962,0.022061657
0.07137232809304073,0.07348557,0.022063807
0.07152488723244246,0.06480691,0.02203293
0.07167744637184419,0.070629396,0.02201416
0.07183000551124594,0.067549415,0.022011466
0.07198256465064766,0.07262543,0.02198651
0.0721351237900494,0.065557756,0.021982368
0.07228768292945113,0.07019661,0.02200077
0.07244024206885286,0.06428501,0.02191614
0.07259280120825459,0.065668896,0.021904945
0.07274536034765632,0.06506707,0.02193572
0.07289791948705805,0.07155462,0.02192499
0.07305047862645979,0.07230333,0.021911288
0.07320303776586153,0.054713886,0.021862125
0.07335559690526326,0.059755556,0.021825358
0.07350815604466499,0.05467821,0.02181291
0.07366071518406672,0.05332943,0.021825738
0.07381327432346844,0.06668196,0.021808637
0.07396583346287018,0.06622571,0.021780314
0.07411839260227192,0.050180152,0.021793818
0.07427095174167365,0.048711777,0.02173898
0.07442351088107539,0.055984404,0.021740269
0.07457607002047711,0.054258984,0.021748282
0.07472862915987885,0.06521613,0.021717038
0.07488118829928057,0.07179875,0.021718754
0.07503374743868231,0.07038667,0.021694124
0.07518630657808405,0.06972867,0.021658873
0.07533886571748578,0.06085792,0.021654656
0.07549142485688752,0.0555581,0.0216354
0.07564398399628924,0.061364237,0.021641104
0.07579654313569098,0.054612365,0.02161069
0.07594910227509272,0.05725837,0.021605028
0.07610166141449444,0.05699789,0.02157633
0.07625422055389618,0.065771714,0.021563893
0.0764067796932979,0.07293775,0.021557933
0.07655933883269965,0.07445008,0.021550978
0.07671189797210137,0.06329593,0.021532748
0.07686445711150311,0.06883019,0.021523455
0.07701701625090485,0.06574109,0.021478523
0.07716957539030657,0.068255745,0.021466097
0.0773221345297083,0.06185985,0.021465003
0.07747469366911003,0.06020153,0.021455241
0.07762725280851177,0.054672007,0.021450082
0.0777798119479135,0.06991444,0.021436451
0.07793237108731524,0.06338575,0.021383207
0.07808493022671698,0.05820096,0.021364892
0.0782374893661187,0.057389777,0.021373471
0.07839004850552043,0.06482571,0.021363134
0.07854260764492216,0.07651674,0.021361724
0.0786951667843239,0.06056471,0.021347856
0.07884772592372563,0.06477145,0.021303346
0.07900028506312737,0.0765218,0.021290492
0.0791528442025291,0.06778886,0.021302026
0.07930540334193083,0.06606152,0.021298857
0.07945796248133256,0.07866447,0.02128726
0.07961052162073429,0.06667208,0.021281367
0.07976308076013602,0.07392543,0.021252805
0.07991563989953776,0.069555774,0.021204747
0.0800681990389395,0.07426981,0.021219462
0.08022075817834123,0.06498935,0.021199632
0.08037331731774296,0.068770096,0.021169178
0.0805258764571447,0.07190599,0.021168988
0.08067843559654642,0.062494766,0.021149635
0.08083099473594815,0.06822164,0.021124622
0.08098355387534989,0.058795422,0.02111544
0.08113611301475161,0.06511547,0.021094013
0.08128867215415336,0.06592971,0.021126779
0.08144123129355509,0.07630655,0.021105161
0.08159379043295682,0.07596839,0.02107372
0.08174634957235855,0.07610697,0.0210709
0.08189890871176028,0.07504062,0.021034379
0.08205146785116202,0.06050585,0.021020364
0.08220402699056374,0.06538076,0.021012872
0.08235658612996548,0.07512671,0.021013448
0.08250914526936722,0.07582771,0.02100181
0.08266170440876895,0.06947321,0.02096722
0.08281426354817067,0.07011076,0.020962117
0.08296682268757241,0.06624083,0.020941183
0.08311938182697415,0.069813654,0.02093198
0.08327194096637587,0.070601985,0.0209262
0.08342450010577761,0.060914285,0.020898035
0.08357705924517934,0.06649206,0.020880317
0.08372961838458108,0.06844765,0.020867608
0.0838821775239828,0.072198234,0.020869222
0.08403473666338454,0.06352061,0.020852635
0.08418729580278628,0.06304807,0.02083954
0.084339854942188,0.062753886,0.020823833
0.08449241408158974,0.06411517,0.020798517
0.08464497322099146,0.06572614,0.020799754
0.08479753236039321,0.05920999,0.020788394
0.08495009149979493,0.059288416,0.020783491
0.08510265063919667,0.06171323,0.020758351
0.0852552097785984,0.06062647,0.020761667
0.08540776891800013,0.06199079,0.020722471
0.08556032805740187,0.069622144,0.020726714
0.08571288719680359,0.06479972,0.0207062
0.08586544633620533,0.06976854,0.02069021
0.08601800547560706,0.053317416,0.020673638
0.0861705646150088,0.06175563,0.020677116
0.08632312375441054,0.057049274,0.020625783
0.08647568289381226,0.05478057,0.020627292
0.086628242033214,0.056229085,0.020647768
0.08678080117261572,0.059862323,0.0206168
0.08693336031201745,0.06572156,0.02060908
0.08708591945141919,0.061475273,0.020602014
0.08723847859082093,0.060458545,0.020571597
0.08739103773022266,0.06139407,0.020558277
0.08754359686962439,0.059617016,0.020555668
0.08769615600902612,0.063264,0.020538457
0.08784871514842785,0.06718872,0.020542542
0.08800127428782958,0.06691803,0.020522883
0.08815383342723132,0.06923434,0.020486478
0.08830639256663306,0.064322576,0.020459667
0.0884589517060348,0.06484304,0.020480545
0.08861151084543652,0.07328571,0.020471495
0.08876406998483825,0.06435152,0.020466086
0.08891662912423998,0.06844725,0.02044123
0.08906918826364171,0.05982448,0.020418195
0.08922174740304345,0.061351266,0.020402223
0.08937430654244517,0.072977684,0.020422658
0.08952686568184692,0.0690164,0.02040323
0.08967942482124865,0.06600144,0.020379053
0.08983198396065038,0.06437445,0.020375203
0.0899845431000521,0.06539654,0.020354172
0.09013710223945384,0.066384144,0.020337533
0.09028966137885558,0.068963505,0.02034439
0.0904422205182573,0.059348676,0.020322239
0.09059477965765904,0.063324295,0.020302353
0.09074733879706078,0.058812454,0.0202883
0.09089989793646251,0.065808065,0.020275403
0.09105245707586423,0.063738935,0.020235507
0.09120501621526597,0.060591802,0.020241795
0.09135757535466771,0.066244446,0.020235414
0.09151013449406943,0.05568906,0.020229224
0.09166269363347117,0.053315803,0.020228395
0.09181525277287289,0.066187486,0.020195454
0.09196781191227464,0.056770474,0.020160342
0.09212037105167636,0.05155807,0.0201672
0.0922729301910781,0.05877749,0.020161927
0.09242548933047984,0.053277344,0.020159688
0.09257804846988156,0.053761203,0.020142935
0.0927306076092833,0.056510855,0.020121805
0.09288316674868502,0.06867475,0.02010917
0.09303572588808677,0.062658586,0.020093787
0.0931882850274885,0.06508344,0.020097077
0.09334084416689023,0.053374045,0.020073269
0.09349340330629197,0.060892966,0.020093521
0.09364596244569369,0.061874345,0.02004933
0.09379852158509543,0.06096413,0.020027224
0.09395108072449715,0.056303352,0.020023387
0.09410363986389889,0.06311253,0.020019773
0.09425619900330062,0.056976244,0.020015152
0.09440875814270236,0.05654885,0.02001826
0.0945613172821041,0.057894394,0.019986792
0.09471387642150582,0.05632897,0.01997194
0.09486643556090756,0.06793301,0.019958148
0.09501899470030928,0.0701193,0.019962683
0.09517155383971102,0.06689903,0.019934509
0.09532411297911275,0.06540958,0.019940935
0.09547667211851449,0.058196407,0.019911194
0.09562923125791623,0.05703815,0.019882696
0.09578179039731795,0.060727708,0.019897627
0.09593434953671968,0.066907614,0.01989408
0.09608690867612141,0.06283654,0.01987219
0.09623946781552314,0.058649316,0.019873887
0.09639202695492488,0.05869155,0.01985202
0.0965445860943266,0.051474303,0.019822342
0.09669714523372835,0.058033824,0.019811764
0.09684970437313008,0.054603506,0.019802738
0.09700226351253181,0.058523707,0.01981859
0.09715482265193354,0.058976494,0.019823164
0.09730738179133527,0.08076678,0.019895835
0.09745994093073701,0.059789162,0.019762274
0.09761250007013873,0.06353367,0.019749675
0.09776505920954047,0.078172855,0.019777853
0.0979176183489422,0.08044621,0.019754684
0.09807017748834394,0.06009191,0.01972966
0.09822273662774567,0.05129345,0.019730313
0.0983752957671474,0.05488812,0.019686438
0.09852785490654914,0.054305308,0.019661743
0.09868041404595086,0.058566358,0.019688657
0.0988329731853526,0.057321433,0.019657347
0.09898553232475434,0.055947363,0.019676564
0.09913809146415607,0.04754841,0.019648174
0.0992906506035578,0.052685834,0.019615
0.09944320974295953,0.05409973,0.019603567
0.09959576888236127,0.06614152,0.019614207
0.09974832802176299,0.06664983,0.019600913
0.09990088716116473,0.0612776,0.019588
0.10005344630056645,0.055955037,0.019584231
0.10020600543996819,0.060357105,0.019538306
0.10035856457936992,0.0657717,0.019536402
0.10051112371877165,0.05588491,0.019541275
0.10066368285817338,0.05797069,0.019530945
0.10081624199757513,0.05204408,0.019515188
0.10096880113697687,0.06305308,0.019529384
0.1011213602763786,0.067668036,0.019509839
0.10127391941578033,0.060010172,0.019465614
0.10142647855518205,0.058500536,0.019468242
0.10157903769458379,0.05070652,0.019459208
0.10173159683398553,0.0629391,0.01946988
0.10188415597338725,0.05462311,0.019442925
0.10203671511278899,0.05471388,0.019446276
0.10218927425219071,0.051766217,0.019394802
0.10234183339159245,0.062073894,0.019402457
0.10249439253099418,0.054692198,0.019401431
0.1026469516703959,0.055363595,0.019404318
0.10279951080979764,0.061796367,0.019375145
0.10295206994919937,0.060521454,0.019372005
0.10310462908860113,0.05762979,0.019344172
0.10325718822800285,0.05947464,0.019359788
0.10340974736740459,0.05830215,0.019346867
0.10356230650680631,0.05884423,0.019327404
0.10371486564620805,0.059380595,0.01932383
0.10386742478560979,0.060830075,0.019317513
0.10401998392501151,0.054800924,0.019288847
0.10417254306441324,0.0539272,0.019278418
0.10432510220381497,0.051063333,0.019278886
0.1044776613432167,0.056575265,0.019281136
0.10463022048261844,0.054262802,0.0192622
0.10478277962202016,0.057680294,0.019233571
0.1049353387614219,0.05753327,0.01921596
0.10508789790082362,0.05375522,0.019225603
0.10524045704022536,0.04937465,0.01921528
0.1053930161796271,0.06316699,0.019210672
0.10554557531902885,0.060641937,0.019195117
0.10569813445843057,0.07639567,0.01921532
0.10585069359783231,0.055369064,0.019147985
0.10600325273723404,0.060415808,0.019158183
0.10615581187663577,0.06680893,0.019155096
0.1063083710160375,0.059600346,0.019136567
0.10646093015543923,0.07169351,0.019152451
0.10661348929484096,0.06169084,0.019124342
0.1067660484342427,0.06863226,0.01909825
0.10691860757364442,0.050815206,0.019089006
0.10707116671304616,0.05840878,0.0190883
0.10722372585244788,0.058247544,0.019085702
0.10737628499184962,0.07400799,0.019351812
0.10752884413125136,0.07221648,0.0196288
0.10768140327065308,0.059830107,0.019829271
0.10783396241005483,0.060834844,0.020038493
0.10798652154945657,0.05914178,0.020200059
0.1081390806888583,0.046539865,0.020289432
0.10829163982826003,0.05955263,0.020357566
0.10844419896766176,0.06272581,0.02045574
0.10859675810706348,0.06061332,0.020823587
0.10874931724646522,0.059950385,0.021421917
0.10890187638586696,0.06317866,0.021788487
0.10905443552526868,0.06705622,0.022143427
0.10920699466467042,0.059237458,0.022435144
0.10935955380407214,0.055251095,0.022732064
0.10951211294347388,0.05382973,0.02301295
0.10966467208287561,0.05702799,0.0233104
0.10981723122227734,0.04449661,0.023528166
0.10996979036167907,0.050678335,0.023805393
0.1101223495010808,0.055888876,0.024075134
0.11027490864048256,0.061585527,0.024333311
0.11042746777988428,0.04333119,0.024579939
0.11058002691928602,0.039636463,0.02483546
0.11073258605868774,0.059707005,0.02511148
0.11088514519808948,0.050911903,0.025354035
0.11103770433749122,0.048950016,0.025612466
0.11119026347689294,0.061292924,0.025871808
0.11134282261629468,0.066456534,0.026128944
0.1114953817556964,0.06562695,0.026401876
0.11164794089509814,0.059542686,0.026634164
0.11180050003449987,0.070980504,0.026853804
0.1119530591739016,0.077418305,0.027099218
0.11210561831330333,0.0626341,0.027158136
0.11225817745270505,0.068351306,0.027302595
0.11241073659210679,0.067087926,0.027405197
0.11256329573150854,0.0763349,0.027531601
0.11271585487091028,0.07754119,0.02767452
0.112868414010312,0.05909624,0.027731024
0.11302097314971374,0.057828955,0.027826268
0.11317353228911547,0.063982725,0.027955934
0.1133260914285172,0.06585809,0.028083164
0.11347865056791893,0.057999294,0.02810836
0.11363120970732066,0.06431404,0.028160436
0.1137837688467224,0.058266085,0.02821989
0.11393632798612413,0.05697148,0.028216815
0.11408888712552585,0.06715011,0.028276216
0.11424144626492759,0.066878915,0.028307501
0.11439400540432931,0.0597012,0.028370036
0.11454656454373105,0.050055366,0.0284019
0.11469912368313279,0.059341464,0.028426811
0.11485168282253451,0.054916464,0.028460838
0.11500424196193626,0.047342356,0.028484153
0.115156801101338,0.05140087,0.028569685
0.11530936024073973,0.07156275,0.028717257
0.11546191938014146,0.07698779,0.02878582
0.11561447851954319,0.06273632,0.028871676
0.11576703765894492,0.076947264,0.028988427
0.11591959679834665,0.07278408,0.029106768
0.11607215593774839,0.055298768,0.029199539
0.11622471507715011,0.053406835,0.029274728
0.11637727421655185,0.056119822,0.029442517
0.11652983335595357,0.050651,0.029472627
0.11668239249535531,0.06379764,0.029573897
0.11683495163475704,0.05369491,0.029681746
0.11698751077415877,0.063031055,0.029778307
0.1171400699135605,0.049102135,0.029896295
0.11729262905296226,0.066100806,0.030012289
0.11744518819236399,0.07454917,0.030063573
0.11759774733176571,0.053631548,0.030191343
0.11775030647116745,0.044988196,0.030299734
0.11790286561056917,0.046744052,0.030378662
0.11805542474997091,0.054516844,0.030489158
0.11820798388937265,0.043122955,0.030615412
0.11836054302877437,0.05637108,0.030669743
0.11851310216817611,0.052148536,0.030800527
0.11866566130757783,0.054171912,0.030925782
0.11881822044697957,0.057631526,0.031015653
0.1189707795863813,0.05904632,0.031125205
0.11912333872578303,0.051107407,0.031188529
0.11927589786518476,0.05643653,0.031387825
0.11942845700458649,0.057037175,0.03142916
0.11958101614398822,0.0705627,0.031606387
0.11973357528338997,0.061314013,0.031605817
0.11988613442279171,0.06776147,0.031714458
0.12003869356219343,0.06409127,0.03181332
0.12019125270159517,0.067566924,0.03198948
0.1203438118409969,0.04738828,0.032028943
0.12049637098039863,0.04403211,0.032120146
0.12064893011980037,0.038909785,0.03223731
0.12080148925920209,0.047320805,0.032346
0.12095404839860383,0.039441045,0.032441
0.12110660753800556,0.052351464,0.032592706
0.12125916667740728,0.048888102,0.032666508
0.12141172581680902,0.05746155,0.032793213
0.12156428495621074,0.062551424,0.03293493
0.12171684409561248,0.049025524,0.033027448
0.12186940323501422,0.050251935,0.033134315
0.12202196237441594,0.058487423,0.03322655
0.12217452151381769,0.062225126,0.033347026
0.12232708065321943,0.047824092,0.033433937
0.12247963979262116,0.044283245,0.033578306
0.12263219893202289,0.045353666,0.03367169
0.12278475807142462,0.04938001,0.033799365
0.12293731721082635,0.057549704,0.033935193
0.12308987635022808,0.05390863,0.03400403
0.12324243548962982,0.055232394,0.03411808
0.12339499462903154,0.044138156,0.034238186
0.12354755376843328,0.04860389,0.034338906
0.123700112907835,0.060514808,0.034473695
0.12385267204723674,0.037543915,0.034603946
0.12400523118663848,0.0487779,0.034712605
0.1241577903260402,0.044041313,0.03483225
0.12431034946544194,0.077240966,0.03502619
0.12446290860484369,0.051076557,0.035104085
0.12461546774424542,0.05140786,0.035255156
0.12476802688364715,0.054307,0.035337463
0.12492058602304888,0.054448284,0.035508618
0.1250731451624506,0.04942125,0.035671245
0.12522570430185234,0.045463957,0.035673413
0.12537826344125408,0.040836535,0.035794158
0.12553082258065582,0.05395572,0.035973832
0.12568338172005752,0.048590012,0.036077403
0.12583594085945926,0.049319196,0.03621718
0.125988499998861,0.04760461,0.03630995
0.12614105913826273,0.041733466,0.036430027
0.12629361827766447,0.046981394,0.036634326
0.12644617741706618,0.04871078,0.036755327
0.12659873655646792,0.052516602,0.036822733
0.12675129569586965,0.06337525,0.037018474
0.12690385483527142,0.062185735,0.037088785
0.12705641397467313,0.059441675,0.037214175
0.12720897311407486,0.038372453,0.037381835
0.1273615322534766,0.043380998,0.037502095
0.12751409139287834,0.045659874,0.037663393
0.12766665053228007,0.053526655,0.037784744
0.12781920967168178,0.046710037,0.037898846
0.12797176881108352,0.049286555,0.038051058
0.12812432795048526,0.047073107,0.038230833
0.128276887089887,0.066495195,0.038354028
0.12842944622928873,0.04655915,0.038481038
0.12858200536869044,0.034707636,0.038671058
0.12873456450809218,0.04858957,0.038754996
0.1288871236474939,0.049280427,0.038968038
0.12903968278689565,0.03663901,0.039083622
0.12919224192629739,0.04245443,0.03921457
0.12934480106569912,0.05205551,0.03941027
0.12949736020510086,0.054315813,0.039553724
0.1296499193445026,0.05688608,0.039677337
0.12980247848390433,0.061435502,0.03993943
0.12995503762330604,0.05212713,0.040036637
0.13010759676270778,0.04910367,0.040186442
0.13026015590210951,0.047452305,0.040312562
0.13041271504151125,0.04545423,0.040473696
0.130565274180913,0.036603853,0.04061797
0.1307178333203147,0.051720772,0.040835924
0.13087039245971643,0.034992367,0.040932585
0.13102295159911817,0.035885323,0.041112114
0.1311755107385199,0.040528577,0.041366547
0.13132806987792164,0.059591915,0.041489605
0.13148062901732335,0.077478774,0.041629
0.13163318815672512,0.07981563,0.041888464
0.13178574729612685,0.05115,0.041953593
0.1319383064355286,0.04515376,0.04215606
0.1320908655749303,0.036295984,0.042320244
0.13224342471433204,0.030971825,0.042485088
0.13239598385373377,0.018473098,0.042699587
0.1325485429931355,0.044547454,0.042857036
0.13270110213253725,0.050389644,0.043038335
0.13285366127193896,0.03950991,0.043257333
0.1330062204113407,0.06299824,0.043411214
0.13315877955074243,0.059975427,0.043610234
0.13331133869014417,0.054628946,0.04389912
0.1334638978295459,0.063343026,0.04398568
0.1336164569689476,0.05708851,0.044261932
0.13376901610834935,0.057552494,0.04445861
0.1339215752477511,0.048781175,0.04458263
0.13407413438715285,0.049412057,0.04481493
0.13422669352655456,0.03301856,0.045023553
0.1343792526659563,0.032933626,0.04526837
0.13453181180535803,0.035011545,0.04545124
0.13468437094475977,0.040414326,0.04564899
0.1348369300841615,0.031253505,0.045927282
0.1349894892235632,0.019839596,0.046104886
0.13514204836296495,0.026309744,0.04629562
0.1352946075023667,0.03105693,0.04651201
0.13544716664176842,0.04232767,0.046780393
0.13559972578117016,0.046233963,0.046966683
0.13575228492057187,0.04277181,0.0472171
0.1359048440599736,0.04757599,0.04752598
0.13605740319937534,0.047072355,0.04776382
0.13620996233877708,0.052598596,0.047943436
0.13636252147817882,0.04457153,0.04824673
0.13651508061758055,0.029504852,0.048397753
0.1366676397569823,0.034833513,0.04868641
0.13682019889638403,0.036269985,0.04895709
0.13697275803578576,0.049118366,0.049222346
0.13712531717518747,0.058975138,0.04947379
0.1372778763145892,0.03470115,0.04982003
0.13743043545399095,0.040176127,0.049962297
0.13758299459339268,0.033342518,0.050395377
0.13773555373279442,0.05811369,0.050537195
0.13788811287219613,0.06698101,0.0509959
0.13804067201159786,0.031548534,0.05114204
0.1381932311509996,0.051790092,0.051377553
0.13834579029040134,0.035997335,0.051691722
0.13849834942980307,0.030295135,0.05208907
0.1386509085692048,0.041546695,0.052263755
0.13880346770860655,0.038081866,0.052689705
0.13895602684800828,0.035782717,0.052954547
0.13910858598741002,0.03983516,0.053197943
0.13926114512681173,0.051757276,0.05366025
0.13941370426621347,0.038633645,0.053918812
0.1395662634056152,0.040496938,0.054183252
0.13971882254501694,0.037865896,0.054732658
0.13987138168441868,0.045568436,0.054920238
0.1400239408238204,0.04798733,0.055225905
0.14017649996322212,0.03629061,0.055814236
0.14032905910262386,0.026546143,0.05597891
0.1404816182420256,0.03526317,0.056325037
0.14063417738142733,0.026926946,0.05678258
0.14078673652082904,0.035236135,0.057098225
0.14093929566023078,0.05071643,0.057492606
0.14109185479963254,0.03812076,0.057965703
0.14124441393903428,0.02415228,0.058281314
0.141396973078436,0.024016107,0.058729
0.14154953221783773,0.00894835,0.059213378
0.14170209135723946,0.018143449,0.059641387
0.1418546504966412,0.017543197,0.060064312
0.14200720963604294,0.036997795,0.06065411
0.14215976877544464,0.01576322,0.06090707
0.14231232791484638,0.019694343,0.061452683
0.14246488705424812,0.0186826,0.061924353
0.14261744619364985,0.007307475,0.06233962
0.1427700053330516,0.005389963,0.06295047
