#DAT file by SAXSII - Timestamp: 09/12/2024 14:40:47
radial-q_A^-1,intensity,sigma
0.00012720999243161018,6553490.0,839.23975
0.0002797691318333428,6295704.0,543.7991
0.00043232827123507536,6014601.5,428.22052
0.000584887410636808,5638977.5,352.7106
0.0007374465500385405,5177100.0,298.00372
0.0008900056894402731,4653965.0,256.76657
0.0010425648288420058,4099544.2,222.96544
0.0011951239682437384,3549785.5,195.85182
0.001347683107645471,2999873.5,171.40314
0.0015002422470472036,2454696.2,146.2263
0.001652801386448936,1938347.2,122.146736
0.0018053605258506686,1473749.9,100.965515
0.0019579196652524016,1077893.9,82.83492
0.002110478804654134,752157.5,67.393814
0.0022630379440558668,500801.66,54.0571
0.002415597083457599,316591.03,41.613583
0.002568156222859332,190746.44,30.803185
0.0027207153622610643,112903.19,22.75669
0.0028732745016627967,65417.062,16.781864
0.0030258336410645295,36974.805,12.366994
0.003178392780466262,20594.35,9.164733
0.0033309519198679947,10853.983,6.5046544
0.003483511059269727,5472.0083,4.474895
0.0036360701986714594,2642.4402,3.0253265
0.0037886293380731927,1235.6616,2.0203679
0.003941188477474925,557.1485,1.3295549
0.004093747616876658,247.34084,0.8778945
0.004246306756278391,108.72309,0.57355285
0.004398865895680123,48.496162,0.3758885
0.004551425035081855,21.621323,0.2453287
0.004703984174483589,9.869601,0.16414475
0.004856543313885321,4.633919,0.111494265
0.005009102453287053,2.7635226,0.08583297
0.005161661592688786,1.8217149,0.07159141
0.005314220732090518,1.3563336,0.063104
0.005466779871492251,1.1744276,0.05948616
0.005619339010893984,0.99657243,0.05567694
0.005771898150295716,0.86896545,0.053802613
0.0059244572896974485,0.85188335,0.05284569
0.006077016429099181,0.73460966,0.05117413
0.006229575568500914,0.7040674,0.049313597
0.006382134707902647,0.73594904,0.049032558
0.00653469384730438,0.6923823,0.048693836
0.006687252986706112,0.6338275,0.047227092
0.0068398121261078445,0.6109506,0.046727944
0.006992371265509577,0.53549737,0.045742128
0.00714493040491131,0.49948898,0.044530354
0.0072974895443130424,0.47033492,0.043803215
0.0074500486837147765,0.46393538,0.043472715
0.007602607823116509,0.40682787,0.042340074
0.007755166962518241,0.3694927,0.041883856
0.007907726101919975,0.38034752,0.04149617
0.008060285241321706,0.36217666,0.04088613
0.00821284438072344,0.3909244,0.040814824
0.00836540352012517,0.3554816,0.040379073
0.008517962659526904,0.3531926,0.039612852
0.008670521798928637,0.34827614,0.03959562
0.008823080938330369,0.30067548,0.038904183
0.008975640077732102,0.27466962,0.038152713
0.009128199217133834,0.2799576,0.03799026
0.009280758356535567,0.2635794,0.03783142
0.0094333174959373,0.2590336,0.037571
0.009585876635339032,0.28524575,0.037023902
0.009738435774740765,0.27509183,0.036891997
0.009890994914142498,0.2853379,0.036625985
0.01004355405354423,0.2771432,0.03607789
0.010196113192945963,0.24555379,0.035760406
0.010348672332347694,0.22990237,0.03566611
0.010501231471749427,0.25692353,0.035507318
0.01065379061115116,0.20483369,0.035081927
0.010806349750552892,0.21048786,0.034735423
0.010958908889954625,0.2298313,0.03440375
0.011111468029356357,0.22970268,0.03437561
0.01126402716875809,0.19326663,0.033922806
0.011416586308159823,0.20543705,0.03382287
0.011569145447561555,0.20204128,0.03355676
0.011721704586963288,0.18737507,0.033233326
0.01187426372636502,0.24650536,0.033166375
0.012026822865766753,0.193365,0.03299839
0.012179382005168486,0.20305753,0.032910604
0.012331941144570218,0.21006976,0.0326336
0.012484500283971953,0.23173545,0.03249611
0.012637059423373682,0.19646929,0.032078557
0.012789618562775416,0.17953017,0.031855866
0.012942177702177147,0.18035334,0.03165436
0.01309473684157888,0.19124281,0.031641327
0.013247295980980612,0.16220233,0.031307876
0.013399855120382345,0.1461314,0.031114522
0.013552414259784077,0.14739507,0.030998485
0.013704973399185812,0.14873934,0.030662298
0.013857532538587541,0.17155209,0.03059997
0.014010091677989276,0.19008633,0.030431626
0.014162650817391008,0.18459792,0.030393839
0.014315209956792741,0.1763972,0.030227944
0.014467769096194473,0.16815549,0.02993678
0.014620328235596206,0.15360539,0.02973549
0.01477288737499794,0.15485384,0.02964006
0.01492544651439967,0.15710236,0.029531317
0.015078005653801406,0.15325049,0.02929471
0.015230564793203137,0.1618176,0.029173395
0.01538312393260487,0.15586245,0.029027352
0.015535683072006602,0.14135678,0.028867586
0.015688242211408337,0.14875399,0.028772378
0.015840801350810067,0.15282822,0.028581822
0.0159933604902118,0.14788182,0.02841698
0.016145919629613533,0.1494325,0.028354067
0.016298478769015266,0.16601564,0.028213378
0.016451037908416996,0.15094939,0.028046135
0.01660359704781873,0.13139227,0.027905917
0.016756156187220463,0.14163806,0.027806124
0.016908715326622196,0.13862544,0.027717358
0.017061274466023926,0.15222314,0.027611233
0.017213833605425662,0.14407639,0.027407454
0.017366392744827392,0.15736458,0.027295925
0.017518951884229125,0.13255121,0.027085967
0.01767151102363086,0.15758239,0.027070336
0.017824070163032592,0.14535257,0.026957778
0.01797662930243432,0.1347219,0.02679892
0.018129188441836055,0.14603336,0.026761403
0.018281747581237788,0.14958806,0.026553985
0.01843430672063952,0.13149983,0.026379984
0.01858686586004125,0.13271603,0.026339483
0.018739424999442988,0.13590513,0.0262884
0.018891984138844718,0.13179488,0.02614706
0.01904454327824645,0.13639568,0.026103681
0.019197102417648184,0.119763605,0.025933927
0.019349661557049917,0.10586962,0.025761912
0.019502220696451647,0.12242067,0.02573464
0.019654779835853384,0.1228426,0.02565555
0.019807338975255117,0.11048913,0.025484698
0.019959898114656847,0.13008477,0.025516264
0.02011245725405858,0.12996995,0.02533944
0.020265016393460313,0.1262005,0.025205588
0.020417575532862046,0.12376457,0.025150517
0.020570134672263776,0.13017803,0.025045926
0.020722693811665513,0.118431136,0.024992034
0.020875252951067243,0.1253661,0.02491931
0.021027812090468976,0.12922926,0.024815237
0.02118037122987071,0.11951607,0.024677785
0.021332930369272442,0.107400596,0.024601799
0.021485489508674172,0.12102078,0.024542205
0.021638048648075905,0.13327157,0.024425874
0.02179060778747764,0.12314182,0.02436765
0.021943166926879372,0.12046327,0.024222163
0.0220957260662811,0.12464552,0.024162583
0.02224828520568284,0.11673075,0.024097672
0.022400844345084568,0.11098309,0.024009254
0.0225534034844863,0.1233083,0.023937624
0.022705962623888035,0.1269691,0.023859173
0.022858521763289768,0.13157424,0.02375197
0.023011080902691498,0.11178806,0.023626832
0.02316364004209323,0.10985408,0.023552062
0.023316199181494964,0.11296749,0.023562718
0.023468758320896697,0.109493464,0.023422293
0.023621317460298427,0.11516163,0.023414452
0.023773876599700164,0.11194423,0.023274338
0.023926435739101894,0.09950578,0.023156382
0.024078994878503627,0.11084218,0.023142936
0.02423155401790536,0.11479681,0.023127917
0.024384113157307093,0.108929954,0.022978326
0.024536672296708823,0.10840055,0.022914587
0.024689231436110556,0.10819159,0.022862926
0.024841790575512293,0.10932669,0.022754533
0.024994349714914023,0.11427663,0.02267688
0.025146908854315753,0.104859404,0.02265218
0.02529946799371749,0.121602096,0.022559779
0.025452027133119223,0.09922261,0.02252834
0.025604586272520952,0.118808225,0.022473674
0.025757145411922686,0.12424438,0.022374313
0.025909704551324422,0.10308494,0.022236384
0.026062263690726152,0.099280715,0.022221288
0.026214822830127882,0.09529005,0.022150928
0.026367381969529615,0.11036251,0.02210929
0.026519941108931352,0.115126036,0.022097928
0.02667250024833308,0.12075547,0.021985557
0.026825059387734815,0.11424259,0.021902563
0.026977618527136545,0.11214764,0.021860532
0.02713017766653828,0.10333108,0.021792578
0.02728273680594001,0.1085994,0.021707337
0.027435295945341744,0.094045505,0.021809561
0.027587855084743474,0.09165607,0.022011729
0.02774041422414521,0.111389175,0.022035701
0.027892973363546944,0.1150926,0.022099514
0.028045532502948674,0.10400433,0.022149816
0.028198091642350404,0.101812564,0.02223289
0.02835065078175214,0.10528188,0.022288209
0.028503209921153874,0.09651417,0.02232518
0.028655769060555603,0.083745845,0.022244016
0.028808328199957337,0.09597389,0.022235923
0.028960887339359073,0.10399117,0.022274168
0.029113446478760803,0.11008541,0.022275463
0.029266005618162533,0.10013505,0.022298012
0.02941856475756427,0.10629067,0.022317158
0.029571123896966003,0.10387938,0.02227071
0.029723683036367732,0.101825394,0.022218833
0.029876242175769466,0.099183574,0.02222009
0.030028801315171202,0.10841171,0.022215413
0.030181360454572932,0.09755512,0.022257952
0.030333919593974662,0.09753911,0.02225026
0.030486478733376395,0.09804312,0.02217643
0.030639037872778132,0.101353735,0.022301469
0.03079159701217986,0.100313045,0.02258196
0.030944156151581595,0.08336402,0.022753362
0.031096715290983325,0.08439528,0.022930365
0.03124927443038506,0.10535609,0.023055565
0.03140183356978679,0.08781336,0.023070097
0.03155439270918852,0.102630086,0.02319242
0.03170695184859026,0.08899892,0.023245694
0.031859510987991994,0.08270482,0.02333182
0.032012070127393724,0.082203075,0.023380363
0.032164629266795454,0.09567593,0.02345332
0.032317188406197184,0.11360524,0.023556462
0.03246974754559892,0.10049654,0.023575032
0.03262230668500065,0.10350183,0.023652608
0.03277486582440239,0.089898825,0.023665136
0.03292742496380412,0.087751046,0.023739688
0.03307998410320585,0.08158985,0.023763277
0.03323254324260758,0.09365968,0.023793984
0.03338510238200931,0.084609665,0.023847418
0.03353766152141104,0.08858994,0.023926355
0.03369022066081278,0.10480867,0.02398307
0.033842779800214516,0.083885066,0.02398302
0.033995338939616246,0.08857254,0.024024276
0.034147898079017976,0.09351927,0.02405355
0.03430045721841971,0.09617572,0.024104996
0.03445301635782144,0.088925794,0.024122946
0.03460557549722317,0.084226675,0.024153877
0.03475813463662491,0.09629171,0.024227433
0.034910693776026645,0.09736053,0.024229975
0.035063252915428375,0.09614951,0.024265878
0.035215812054830105,0.09063277,0.024277186
0.03536837119423184,0.084750734,0.024304636
0.03552093033363357,0.10639795,0.024342367
0.0356734894730353,0.11376723,0.024408555
0.03582604861243704,0.10886327,0.024405923
0.035978607751838775,0.098829,0.024419142
0.036131166891240504,0.08567896,0.024476074
0.036283726030642234,0.07242353,0.024443353
0.036436285170043964,0.077545896,0.024544409
0.0365888443094457,0.08856833,0.024991913
0.03674140344884743,0.08156712,0.025426982
0.03689396258824917,0.07728919,0.025669537
0.0370465217276509,0.083201855,0.025850095
0.037199080867052634,0.08855388,0.02604211
0.03735164000645436,0.08819347,0.02617555
0.03750419914585609,0.09375545,0.026464574
0.03765675828525783,0.08465948,0.026605157
0.037809317424659566,0.080632284,0.026826728
0.037961876564061296,0.07366335,0.026933892
0.038114435703463026,0.07260883,0.0271027
0.038266994842864756,0.06977113,0.027205322
0.03841955398226649,0.08347957,0.02736438
0.03857211312166822,0.08627706,0.027628316
0.03872467226106996,0.07906266,0.027833458
0.03887723140047169,0.08630247,0.027880097
0.039029790539873425,0.0811978,0.027976628
0.039182349679275155,0.09947627,0.028173849
0.039334908818676885,0.080521435,0.028271155
0.03948746795807862,0.08893611,0.028527068
0.03964002709748035,0.093520224,0.028680712
0.03979258623688209,0.10750326,0.028826114
0.03994514537628382,0.08615776,0.028872794
0.040097704515685555,0.10965333,0.028996505
0.040250263655087284,0.08083884,0.02914511
0.040402822794489014,0.07430531,0.029407157
0.040555381933890744,0.071488954,0.029533664
0.04070794107329248,0.08698566,0.029667381
0.04086050021269422,0.098955005,0.02977541
0.04101305935209595,0.081381485,0.02983949
0.04116561849149768,0.09216201,0.030003386
0.041318177630899414,0.07748941,0.03011877
0.04147073677030114,0.0989062,0.029968303
0.04162329590970287,0.08589229,0.02912034
0.04177585504910461,0.075860545,0.028762888
0.04192841418850635,0.08314467,0.02858524
0.042080973327908076,0.09173906,0.028340332
0.042233532467309806,0.06806201,0.028122073
0.042386091606711536,0.096901596,0.028029356
0.04253865074611327,0.09446319,0.027841665
0.042691209885515,0.08717036,0.027783873
0.04284376902491674,0.096024424,0.027717302
0.04299632816431847,0.08198519,0.027528277
0.043148887303720206,0.08853501,0.027460149
0.043301446443121935,0.091824494,0.027443301
0.043454005582523665,0.09122169,0.02725788
0.043606564721925395,0.09775557,0.027246691
0.04375912386132713,0.0647118,0.027164187
0.04391168300072887,0.060279913,0.027078396
0.0440642421401306,0.08264986,0.02703586
0.044216801279532335,0.08555441,0.026996981
0.044369360418934065,0.08738081,0.026919339
0.044521919558335794,0.08115025,0.026813315
0.044674478697737524,0.08158306,0.026788535
0.04482703783713926,0.08912135,0.026759068
0.044979596976541,0.092709474,0.02675188
0.04513215611594273,0.09169158,0.02673125
0.04528471525534446,0.084614456,0.026574438
0.045437274394746194,0.081537805,0.026542433
0.045589833534147924,0.08584177,0.026485415
0.04574239267354965,0.09141444,0.026431317
0.04589495181295139,0.08816597,0.026363155
0.04604751095235313,0.08123609,0.026272738
0.046200070091754857,0.08329765,0.026220355
0.046352629231156586,0.07659371,0.026071446
0.046505188370558316,0.09270969,0.026029201
0.04665774750996005,0.09475294,0.025983503
0.04681030664936178,0.08973113,0.025901876
0.04696286578876352,0.08359204,0.025840066
0.04711542492816525,0.07823132,0.025769247
0.047267984067566986,0.09025735,0.02563558
0.047420543206968715,0.0822563,0.025594546
0.047573102346370445,0.07777665,0.02557493
0.047725661485772175,0.07744419,0.025499176
0.04787822062517391,0.08210653,0.025423061
0.04803077976457565,0.07203569,0.025341827
0.04818333890397738,0.06989874,0.025265275
0.04833589804337911,0.08529448,0.025245447
0.048488457182780845,0.078539595,0.025169251
0.048641016322182574,0.07218893,0.025121853
0.048793575461584304,0.09030789,0.025098685
0.04894613460098604,0.08384753,0.025021484
0.04909869374038778,0.07472625,0.02493575
0.04925125287978951,0.063502595,0.02484632
0.04940381201919124,0.083529145,0.02487051
0.049556371158592974,0.08126835,0.024797386
0.049708930297994704,0.08883764,0.024787419
0.04986148943739643,0.077060536,0.024710642
0.05001404857679817,0.06696186,0.02472233
0.0501666077161999,0.06780862,0.024641942
0.05031916685560163,0.07603474,0.024655623
0.05047172599500337,0.07094408,0.02461042
0.0506242851344051,0.07890565,0.0246065
0.05077684427380683,0.08612008,0.024598379
0.05092940341320856,0.073805265,0.024527976
0.0510819625526103,0.07074509,0.02449432
0.05123452169201203,0.09195656,0.02454532
0.05138708083141376,0.09039435,0.024470665
0.05153963997081549,0.07169907,0.02445898
0.05169219911021723,0.074283704,0.024448456
0.05184475824961896,0.08428042,0.024393516
0.05199731738902069,0.072908714,0.02436241
0.05214987652842243,0.07722652,0.024384266
0.05230243566782416,0.07525836,0.024345791
0.05245499480722589,0.07686154,0.024308423
0.05260755394662762,0.080355674,0.024310904
0.05276011308602935,0.08382976,0.024277458
0.05291267222543109,0.07132811,0.02421037
0.05306523136483282,0.07585138,0.024218084
0.05321779050423456,0.08357055,0.024219008
0.05337034964363629,0.07677445,0.024224544
0.05352290878303802,0.071561836,0.024186797
0.05367546792243975,0.070693545,0.024132257
0.05382802706184148,0.07381999,0.024085416
0.05398058620124322,0.067018315,0.02409833
0.05413314534064495,0.07101331,0.024063872
0.05428570448004669,0.066851415,0.024070758
0.05443826361944842,0.064105265,0.024038997
0.05459082275885015,0.08104489,0.024016697
0.054743381898251876,0.07576595,0.02395093
0.054895941037653606,0.07649233,0.024007041
0.05504850017705534,0.07163699,0.024004852
0.05520105931645708,0.06550575,0.023926187
0.055353618455858816,0.0761082,0.023923906
0.055506177595260546,0.06500284,0.023905048
0.055658736734662276,0.0802502,0.023884267
0.055811295874064006,0.07912726,0.023856195
0.055963855013465735,0.07685944,0.023851335
0.05611641415286747,0.08466871,0.023849826
0.0562689732922692,0.06771851,0.023811888
0.056421532431670945,0.064141,0.023783218
0.056574091571072675,0.067755796,0.023744814
0.056726650710474405,0.08124032,0.023770992
0.056879209849876135,0.07244184,0.02378151
0.057031768989277865,0.06482379,0.02368675
0.0571843281286796,0.07036784,0.023695085
0.05733688726808133,0.079307,0.023680083
0.05748944640748306,0.09523955,0.023645114
0.057642005546884804,0.086790375,0.023665417
0.057794564686286534,0.07033393,0.023603633
0.057947123825688264,0.06146265,0.023569265
0.058099682965089994,0.06771377,0.023575865
0.05825224210449173,0.06878068,0.023563655
0.05840480124389346,0.068771414,0.023526886
0.05855736038329519,0.07839207,0.023546657
0.058709919522696934,0.06275406,0.023488974
0.05886247866209866,0.053718828,0.023462135
0.05901503780150039,0.06730888,0.023448328
0.05916759694090212,0.08367846,0.023443643
0.05932015608030386,0.08432446,0.023381768
0.05947271521970559,0.07376598,0.023389308
0.05962527435910732,0.07044075,0.023367725
0.05977783349850905,0.06985533,0.023343045
0.05993039263791079,0.072458275,0.023322592
0.06008295177731252,0.077039935,0.023340715
0.06023551091671425,0.074792005,0.023303736
0.06038807005611599,0.06122299,0.02323715
0.06054062919551772,0.06835029,0.023249382
0.06069318833491945,0.07276346,0.023252368
0.06084574747432118,0.06380187,0.023231117
0.06099830661372291,0.05017768,0.02324506
0.06115086575312465,0.060358156,0.02315862
0.06130342489252638,0.07891512,0.023151746
0.06145598403192812,0.06549346,0.023162624
0.06160854317132985,0.06403078,0.02314297
0.06176110231073158,0.075765826,0.023124833
0.06191366145013331,0.07774353,0.02311292
0.06206622058953504,0.09079858,0.023113571
0.062218779728936774,0.06984353,0.023031272
0.06237133886833851,0.068274185,0.023056693
0.06252389800774025,0.055132627,0.023019474
0.06267645714714197,0.06034988,0.022998054
0.0628290162865437,0.057589892,0.022999724
0.06298157542594544,0.067047134,0.022954062
0.06313413456534717,0.07464862,0.022912726
0.0632866937047489,0.07348738,0.022919621
0.06343925284415063,0.06711529,0.02292821
0.06359181198355238,0.061479222,0.022899298
0.0637443711229541,0.06527011,0.02288614
0.06389693026235584,0.0656523,0.02285439
0.06404948940175757,0.07265291,0.022816766
0.0642020485411593,0.064991765,0.022836117
0.06435460768056103,0.05848526,0.022813087
0.06450716681996276,0.06824631,0.022782236
0.0646597259593645,0.07596752,0.02277277
0.06481228509876623,0.062349793,0.022761729
0.06496484423816797,0.06316379,0.022712436
0.0651174033775697,0.06493203,0.022713624
0.06526996251697142,0.06526993,0.022708682
0.06542252165637316,0.067476176,0.022682637
0.06557508079577488,0.066081375,0.022690043
0.06572763993517662,0.0746137,0.022657108
0.06588019907457836,0.07826617,0.022625612
0.0660327582139801,0.06759397,0.022609357
0.06618531735338183,0.06222362,0.022609686
0.06633787649278355,0.055634208,0.022578077
0.06649043563218529,0.07260495,0.022567244
0.06664299477158701,0.06862235,0.022548223
0.06679555391098875,0.07900032,0.022544786
0.06694811305039049,0.07041271,0.022525294
0.06710067218979222,0.06382654,0.022520212
0.06725323132919396,0.062620595,0.022484524
0.06740579046859568,0.07404842,0.022460371
0.06755834960799742,0.06617667,0.02246574
0.06771090874739914,0.06555713,0.022452338
0.06786346788680088,0.06800417,0.022383938
0.06801602702620262,0.06184351,0.022390498
0.06816858616560434,0.07710178,0.022379441
0.06832114530500609,0.07122171,0.022376338
0.06847370444440781,0.066015355,0.022381047
0.06862626358380955,0.064719595,0.02232082
0.06877882272321127,0.058547314,0.022319874
0.06893138186261301,0.064555086,0.022339946
0.06908394100201475,0.07599526,0.022292504
0.06923650014141647,0.0687353,0.022317266
0.06938905928081822,0.073211975,0.022286488
0.06954161842021994,0.068289764,0.02223346
0.06969417755962168,0.06327798,0.02223158
0.0698467366990234,0.061400607,0.022202622
0.06999929583842514,0.07004149,0.022212248
0.07015185497782687,0.0614704,0.022175789
0.0703044141172286,0.07489837,0.022179948
0.07045697325663033,0.06733117,0.022141911
0.07060953239603207,0.074965306,0.02212541
0.07076209153543381,0.065735094,0.022129914
0.07091465067483553,0.06778333,0.022099735
0.07106720981423727,0.07337482,0.022106955
0.071219768953639,0.07859924,0.022087846
0.07137232809304073,0.06334566,0.022022486
0.07152488723244246,0.06789826,0.022016943
0.07167744637184419,0.07649358,0.02202972
0.07183000551124594,0.076969504,0.022017334
0.07198256465064766,0.08322865,0.022008821
0.0721351237900494,0.08367345,0.021991724
0.07228768292945113,0.13364719,0.022688365
0.07244024206885286,0.07412582,0.02191514
0.07259280120825459,0.082152486,0.021944879
0.07274536034765632,0.07506193,0.021938607
0.07289791948705805,0.07089832,0.021882199
0.07305047862645979,0.06883736,0.021873644
0.07320303776586153,0.06440799,0.021883238
0.07335559690526326,0.08003979,0.021841392
0.07350815604466499,0.071790375,0.021823049
0.07366071518406672,0.06555309,0.021846142
0.07381327432346844,0.06265553,0.02179571
0.07396583346287018,0.06758026,0.021800878
0.07411839260227192,0.06780328,0.0217907
0.07427095174167365,0.07286979,0.021758527
0.07442351088107539,0.059042167,0.021765167
0.07457607002047711,0.059730273,0.02172417
0.07472862915987885,0.06580447,0.021744065
0.07488118829928057,0.07451509,0.021730632
0.07503374743868231,0.06316546,0.021691857
0.07518630657808405,0.05650243,0.021635039
0.07533886571748578,0.058218822,0.021632658
0.07549142485688752,0.06442958,0.021630835
0.07564398399628924,0.065370254,0.021630386
0.07579654313569098,0.06667992,0.021637533
0.07594910227509272,0.064642444,0.02160874
0.07610166141449444,0.06855629,0.021582609
0.07625422055389618,0.074503034,0.021563485
0.0764067796932979,0.066622645,0.021553693
0.07655933883269965,0.069900386,0.021560824
0.07671189797210137,0.068370074,0.021528713
0.07686445711150311,0.06960058,0.021545181
0.07701701625090485,0.060223263,0.021463994
0.07716957539030657,0.07180542,0.021477982
0.0773221345297083,0.059933256,0.021462204
0.07747469366911003,0.066221185,0.021458719
0.07762725280851177,0.060521945,0.021430492
0.0777798119479135,0.05930988,0.021425286
0.07793237108731524,0.06295524,0.021408195
0.07808493022671698,0.061568927,0.021372234
0.0782374893661187,0.063559845,0.02137301
0.07839004850552043,0.06496248,0.021353792
0.07854260764492216,0.07242905,0.021406587
0.0786951667843239,0.06449163,0.021353254
0.07884772592372563,0.057450622,0.021301778
0.07900028506312737,0.0653261,0.021295516
0.0791528442025291,0.07347016,0.021320732
0.07930540334193083,0.06646029,0.021296285
0.07945796248133256,0.06740495,0.021267869
0.07961052162073429,0.061356157,0.021267321
0.07976308076013602,0.067811206,0.021221949
0.07991563989953776,0.07241683,0.021209314
0.0800681990389395,0.06590447,0.021201985
0.08022075817834123,0.059492167,0.021193886
0.08037331731774296,0.061123095,0.021184463
0.0805258764571447,0.049139712,0.02116663
0.08067843559654642,0.06868965,0.021122072
0.08083099473594815,0.059041824,0.021115344
0.08098355387534989,0.058519725,0.021110835
0.08113611301475161,0.06592377,0.021117687
0.08128867215415336,0.06319727,0.021080943
0.08144123129355509,0.07131174,0.02109401
0.08159379043295682,0.067743614,0.02107366
0.08174634957235855,0.07106564,0.021032196
0.08189890871176028,0.07337933,0.021043941
0.08205146785116202,0.081821464,0.021030663
0.08220402699056374,0.0669668,0.021016493
0.08235658612996548,0.067901075,0.021029498
0.08250914526936722,0.06572289,0.020989923
0.08266170440876895,0.07222651,0.020957697
0.08281426354817067,0.060928654,0.020974545
0.08296682268757241,0.061965954,0.020942248
0.08311938182697415,0.05940282,0.020926226
0.08327194096637587,0.06067645,0.020924892
0.08342450010577761,0.07596059,0.020909473
0.08357705924517934,0.07318245,0.020891447
0.08372961838458108,0.06413868,0.020862697
0.0838821775239828,0.058909364,0.020884056
0.08403473666338454,0.06777484,0.020861525
0.08418729580278628,0.061238356,0.020838102
0.084339854942188,0.057363927,0.020826953
0.08449241408158974,0.07716861,0.02081234
0.08464497322099146,0.06102807,0.020786393
0.08479753236039321,0.05459082,0.020775342
0.08495009149979493,0.068558775,0.020765284
0.08510265063919667,0.06836318,0.020783715
0.0852552097785984,0.06343972,0.020766294
0.08540776891800013,0.07104799,0.020710956
0.08556032805740187,0.075624034,0.020729866
0.08571288719680359,0.061188452,0.020737967
0.08586544633620533,0.060383275,0.020677833
0.08601800547560706,0.054701716,0.020708807
0.0861705646150088,0.051619407,0.020672347
0.08632312375441054,0.059920795,0.02062912
0.08647568289381226,0.062404923,0.020637399
0.086628242033214,0.0648988,0.020640954
0.08678080117261572,0.06106332,0.020615494
0.08693336031201745,0.062202986,0.020616708
0.08708591945141919,0.06551804,0.020590594
0.08723847859082093,0.06883988,0.020567426
0.08739103773022266,0.07068539,0.020569561
0.08754359686962439,0.060223542,0.02054427
0.08769615600902612,0.058822554,0.020528935
0.08784871514842785,0.06446388,0.020543734
0.08800127428782958,0.059951644,0.020538902
0.08815383342723132,0.058910355,0.020481518
0.08830639256663306,0.06526461,0.020483555
0.0884589517060348,0.06778218,0.020496698
0.08861151084543652,0.06308928,0.02046364
0.08876406998483825,0.058878,0.020457027
0.08891662912423998,0.057294596,0.020471293
0.08906918826364171,0.06331045,0.020401916
0.08922174740304345,0.056236833,0.020409554
0.08937430654244517,0.053309035,0.020387685
0.08952686568184692,0.073258944,0.020398203
0.08967942482124865,0.069215626,0.020381087
0.08983198396065038,0.071501166,0.02037012
0.0899845431000521,0.070222124,0.020340126
0.09013710223945384,0.061465725,0.020317683
0.09028966137885558,0.06349721,0.020324903
0.0904422205182573,0.057051387,0.020306058
0.09059477965765904,0.071924634,0.02029528
0.09074733879706078,0.06380325,0.020287223
0.09089989793646251,0.07336549,0.02027685
0.09105245707586423,0.066230565,0.020255227
0.09120501621526597,0.06684126,0.020240175
0.09135757535466771,0.05709684,0.020239802
0.09151013449406943,0.06397415,0.02022749
0.09166269363347117,0.06355219,0.020216912
0.09181525277287289,0.056399155,0.020193864
0.09196781191227464,0.06429553,0.02016623
0.09212037105167636,0.06413703,0.020156285
0.0922729301910781,0.063478634,0.020159658
0.09242548933047984,0.0721283,0.020177256
0.09257804846988156,0.07120242,0.02016517
0.0927306076092833,0.07640844,0.020166928
0.09288316674868502,0.06524413,0.020101866
0.09303572588808677,0.05311335,0.020101475
0.0931882850274885,0.060235385,0.020100998
0.09334084416689023,0.06931989,0.020091752
0.09349340330629197,0.06480417,0.020119647
0.09364596244569369,0.06639945,0.0200728
0.09379852158509543,0.06983286,0.020027379
0.09395108072449715,0.062199958,0.020028783
0.09410363986389889,0.05058596,0.020022916
0.09425619900330062,0.054708734,0.019997882
0.09440875814270236,0.060974885,0.020002576
0.0945613172821041,0.059530646,0.019982979
0.09471387642150582,0.058235053,0.01996696
0.09486643556090756,0.0604322,0.019958068
0.09501899470030928,0.061682872,0.019953685
0.09517155383971102,0.06722604,0.019947825
0.09532411297911275,0.05516303,0.019951062
0.09547667211851449,0.061646655,0.019919625
0.09562923125791623,0.056994,0.019888455
0.09578179039731795,0.05522906,0.019874606
0.09593434953671968,0.051036753,0.019876871
0.09608690867612141,0.06077435,0.019871054
0.09623946781552314,0.05608139,0.01986459
0.09639202695492488,0.06638949,0.019855792
0.0965445860943266,0.0596429,0.01981768
0.09669714523372835,0.065918036,0.019804226
0.09684970437313008,0.071388125,0.01982129
0.09700226351253181,0.07019135,0.01982965
0.09715482265193354,0.058965076,0.019789262
0.09730738179133527,0.059853755,0.019794095
0.09745994093073701,0.058063965,0.019763205
0.09761250007013873,0.05890785,0.019741481
0.09776505920954047,0.06863925,0.019762838
0.0979176183489422,0.07200346,0.019750705
0.09807017748834394,0.069369555,0.019739894
0.09822273662774567,0.060458273,0.019725718
0.0983752957671474,0.06703094,0.0196945
0.09852785490654914,0.053066093,0.019670438
0.09868041404595086,0.059434284,0.019689582
0.0988329731853526,0.06200113,0.019676393
0.09898553232475434,0.066426344,0.019663906
0.09913809146415607,0.058820624,0.01965368
0.0992906506035578,0.055925053,0.019604567
0.09944320974295953,0.06799251,0.019612534
0.09959576888236127,0.065744966,0.01961529
0.09974832802176299,0.06662089,0.019602645
0.09990088716116473,0.060238965,0.019590521
0.10005344630056645,0.05601358,0.019584032
0.10020600543996819,0.06914369,0.01954593
0.10035856457936992,0.058475196,0.019525146
0.10051112371877165,0.06339826,0.019536864
0.10066368285817338,0.054437775,0.01951856
0.10081624199757513,0.05698801,0.019545222
0.10096880113697687,0.063279614,0.01951637
0.1011213602763786,0.07118504,0.019511985
0.10127391941578033,0.06805861,0.019491695
0.10142647855518205,0.05617553,0.019465564
0.10157903769458379,0.05252558,0.01946756
0.10173159683398553,0.063108385,0.01944928
0.10188415597338725,0.058943287,0.019446056
0.10203671511278899,0.05971163,0.019429607
0.10218927425219071,0.06384387,0.019405788
0.10234183339159245,0.061538033,0.019419922
0.10249439253099418,0.05305904,0.019399798
0.1026469516703959,0.06588714,0.019395802
0.10279951080979764,0.06377474,0.019400764
0.10295206994919937,0.061536215,0.019359345
0.10310462908860113,0.061469376,0.019342562
0.10325718822800285,0.058559705,0.01934186
0.10340974736740459,0.05937422,0.019333804
0.10356230650680631,0.0661622,0.0193195
0.10371486564620805,0.061430916,0.019324895
0.10386742478560979,0.05622361,0.019295394
0.10401998392501151,0.06387157,0.019272406
0.10417254306441324,0.058633022,0.019286111
0.10432510220381497,0.05475627,0.019272476
0.1044776613432167,0.05102178,0.019248951
0.10463022048261844,0.055572648,0.0192523
0.10478277962202016,0.060355224,0.019238474
0.1049353387614219,0.07053694,0.019208819
0.10508789790082362,0.07402835,0.019232616
0.10524045704022536,0.06577536,0.019212166
0.1053930161796271,0.06702303,0.019218542
0.10554557531902885,0.0617697,0.01920254
0.10569813445843057,0.06498004,0.019197132
0.10585069359783231,0.054401852,0.019136772
0.10600325273723404,0.05305915,0.019148333
0.10615581187663577,0.059612546,0.019157832
0.1063083710160375,0.058721133,0.019130768
0.10646093015543923,0.060772095,0.019147694
0.10661348929484096,0.059259936,0.019115139
0.1067660484342427,0.05494179,0.019094702
0.10691860757364442,0.05724962,0.019090677
0.10707116671304616,0.06484494,0.019093245
0.10722372585244788,0.051906012,0.019067343
0.10737628499184962,0.06044647,0.019313212
0.10752884413125136,0.05587113,0.019614981
0.10768140327065308,0.055092692,0.019824555
0.10783396241005483,0.055654343,0.020022985
0.10798652154945657,0.05840677,0.020181589
0.1081390806888583,0.07095246,0.02033368
0.10829163982826003,0.080765,0.020397417
0.10844419896766176,0.070657656,0.020438801
0.10859675810706348,0.06706207,0.020861117
0.10874931724646522,0.07506999,0.021404035
0.10890187638586696,0.062735364,0.02177463
0.10905443552526868,0.07254453,0.022141172
0.10920699466467042,0.05994707,0.022451093
0.10935955380407214,0.0585085,0.022728527
0.10951211294347388,0.06245698,0.023017904
0.10966467208287561,0.056348346,0.02329456
0.10981723122227734,0.06002138,0.023553817
0.10996979036167907,0.063935265,0.023825347
0.1101223495010808,0.062366158,0.0240801
0.11027490864048256,0.07125523,0.024326721
0.11042746777988428,0.0760558,0.024623066
0.11058002691928602,0.064304546,0.024862422
0.11073258605868774,0.06732542,0.025109071
0.11088514519808948,0.05419361,0.02535814
0.11103770433749122,0.058854427,0.025648013
0.11119026347689294,0.059141785,0.025915127
0.11134282261629468,0.045025248,0.026117085
0.1114953817556964,0.055287413,0.026380723
0.11164794089509814,0.05480286,0.026643354
0.11180050003449987,0.057246502,0.02681898
0.1119530591739016,0.056758713,0.026998807
0.11210561831330333,0.060573846,0.027142748
0.11225817745270505,0.050109215,0.027272824
0.11241073659210679,0.043115996,0.027395414
0.11256329573150854,0.054103084,0.027517589
0.11271585487091028,0.05468171,0.02761679
0.112868414010312,0.049335666,0.027749408
0.11302097314971374,0.04604425,0.027841127
0.11317353228911547,0.05924819,0.0279502
0.1133260914285172,0.06443845,0.028065125
0.11347865056791893,0.057880007,0.028126545
0.11363120970732066,0.066395946,0.028159777
0.1137837688467224,0.06910495,0.028209146
0.11393632798612413,0.074872084,0.02827421
0.11408888712552585,0.06264967,0.028272387
0.11424144626492759,0.04988664,0.028300509
0.11439400540432931,0.052085754,0.028363049
0.11454656454373105,0.057076298,0.028380232
0.11469912368313279,0.057024993,0.028430775
0.11485168282253451,0.0498127,0.02845916
0.11500424196193626,0.044060465,0.028508326
0.115156801101338,0.05516861,0.028569678
0.11530936024073973,0.070723675,0.02865979
0.11546191938014146,0.05647136,0.028766872
0.11561447851954319,0.05366207,0.028871324
0.11576703765894492,0.054323737,0.028971128
0.11591959679834665,0.06608511,0.029147346
0.11607215593774839,0.05626475,0.029214196
0.11622471507715011,0.053973902,0.029264446
0.11637727421655185,0.036730863,0.029382521
0.11652983335595357,0.035773546,0.029468436
0.11668239249535531,0.032103434,0.029561155
0.11683495163475704,0.036864262,0.029694963
0.11698751077415877,0.05239009,0.02976207
0.1171400699135605,0.047712002,0.029880134
0.11729262905296226,0.048524946,0.029993732
0.11744518819236399,0.048544712,0.030100388
0.11759774733176571,0.04786348,0.030182524
0.11775030647116745,0.055841964,0.030322986
0.11790286561056917,0.05650626,0.030371573
0.11805542474997091,0.051924817,0.030493906
0.11820798388937265,0.059631716,0.030592727
0.11836054302877437,0.06188301,0.030695079
0.11851310216817611,0.05685141,0.030817807
0.11866566130757783,0.060958795,0.030944882
0.11881822044697957,0.05343055,0.031046707
0.1189707795863813,0.05058653,0.031125711
0.11912333872578303,0.05736845,0.031202052
0.11927589786518476,0.060039118,0.031363185
0.11942845700458649,0.053327527,0.031417616
0.11958101614398822,0.05875054,0.03153618
0.11973357528338997,0.05951323,0.031616658
0.11988613442279171,0.047203526,0.03171505
0.12003869356219343,0.052440334,0.031843364
0.12019125270159517,0.06366095,0.03194797
0.1203438118409969,0.054855783,0.03206902
0.12049637098039863,0.059903495,0.03219312
0.12064893011980037,0.04794755,0.032289915
0.12080148925920209,0.057323955,0.032365683
0.12095404839860383,0.036256004,0.032443166
0.12110660753800556,0.053109977,0.032604557
0.12125916667740728,0.057059523,0.03268888
0.12141172581680902,0.049621817,0.032798916
0.12156428495621074,0.045440488,0.03292089
0.12171684409561248,0.047062673,0.032990783
0.12186940323501422,0.039392956,0.0330962
0.12202196237441594,0.054123905,0.033225935
0.12217452151381769,0.052803926,0.03336448
0.12232708065321943,0.04190299,0.03346045
0.12247963979262116,0.053456582,0.03358118
0.12263219893202289,0.07543171,0.033686288
0.12278475807142462,0.061055556,0.033812437
0.12293731721082635,0.06005019,0.033929028
0.12308987635022808,0.067083605,0.03399262
0.12324243548962982,0.050274797,0.03415413
0.12339499462903154,0.051216904,0.03423821
0.12354755376843328,0.055502582,0.03434793
0.123700112907835,0.058568027,0.03451094
0.12385267204723674,0.043580644,0.034606446
0.12400523118663848,0.07056366,0.03471519
0.1241577903260402,0.06490229,0.03486145
0.12431034946544194,0.051419113,0.03493906
0.12446290860484369,0.05253529,0.03508357
0.12461546774424542,0.041944,0.035190456
0.12476802688364715,0.04090727,0.03529649
0.12492058602304888,0.049008552,0.03546505
0.1250731451624506,0.058664665,0.035564866
0.12522570430185234,0.05013611,0.03566245
0.12537826344125408,0.039737314,0.03587629
0.12553082258065582,0.05422059,0.035996098
0.12568338172005752,0.053184237,0.036038008
0.12583594085945926,0.0445606,0.036177225
0.125988499998861,0.047564846,0.0363639
0.12614105913826273,0.03774447,0.036437754
0.12629361827766447,0.03932368,0.03659178
0.12644617741706618,0.048160017,0.036741197
0.12659873655646792,0.05214773,0.036885966
0.12675129569586965,0.040385995,0.036966138
0.12690385483527142,0.058133587,0.037088245
0.12705641397467313,0.055352863,0.037307303
0.12720897311407486,0.051448155,0.03744316
0.1273615322534766,0.053445257,0.037488066
0.12751409139287834,0.05253425,0.037625384
0.12766665053228007,0.04147862,0.03782893
0.12781920967168178,0.045797527,0.037899103
0.12797176881108352,0.03555157,0.03804649
0.12812432795048526,0.041812878,0.03820375
0.128276887089887,0.0504323,0.038322426
0.12842944622928873,0.041933108,0.038515724
0.12858200536869044,0.04469873,0.038630627
0.12873456450809218,0.046993572,0.03875316
0.1288871236474939,0.039946627,0.038921796
0.12903968278689565,0.06847502,0.039071936
0.12919224192629739,0.06891139,0.03923519
0.12934480106569912,0.056780778,0.03937549
0.12949736020510086,0.045781825,0.039515022
0.1296499193445026,0.045360044,0.03968363
0.12980247848390433,0.053075746,0.039890926
0.12995503762330604,0.051835746,0.03999812
0.13010759676270778,0.05915274,0.040164966
0.13026015590210951,0.02629814,0.040312484
0.13041271504151125,0.041852932,0.040444314
0.130565274180913,0.042717986,0.040613793
0.1307178333203147,0.05704635,0.040798105
0.13087039245971643,0.063231446,0.040988144
0.13102295159911817,0.05005805,0.041199032
0.1311755107385199,0.037501052,0.04135134
0.13132806987792164,0.04007776,0.041470207
0.13148062901732335,0.034087613,0.04162686
0.13163318815672512,0.051072683,0.041799106
0.13178574729612685,0.0467528,0.041949566
0.1319383064355286,0.036338788,0.04215606
0.1320908655749303,0.05045326,0.042320244
0.13224342471433204,0.04162035,0.042485088
0.13239598385373377,0.036339343,0.042703517
0.1325485429931355,0.039848868,0.04290253
0.13270110213253725,0.03174143,0.043038335
0.13285366127193896,0.039023593,0.043257333
0.1330062204113407,0.058414415,0.043415457
0.13315877955074243,0.044256482,0.04365783
0.13331133869014417,0.040097754,0.043830007
0.1334638978295459,0.040056754,0.043985162
0.1336164569689476,0.031114701,0.04420392
0.13376901610834935,0.02931503,0.04445923
0.1339215752477511,0.030448074,0.044639375
0.13407413438715285,0.031071872,0.04481493
0.13422669352655456,0.01800452,0.04502359
0.1343792526659563,0.049944457,0.04528465
0.13453181180535803,0.03581739,0.0454497
0.13468437094475977,0.025402786,0.04564899
0.1348369300841615,0.019550985,0.045843847
0.1349894892235632,0.023810288,0.04610459
0.13514204836296495,0.04118582,0.046335235
0.1352946075023667,0.046658177,0.046603467
0.13544716664176842,0.031942207,0.046781406
0.13559972578117016,0.034178074,0.046966683
0.13575228492057187,0.031963415,0.047206532
0.1359048440599736,0.03021827,0.04747826
0.13605740319937534,0.04584178,0.047670323
0.13620996233877708,0.047969017,0.04800555
0.13636252147817882,0.037237536,0.04834437
0.13651508061758055,0.04605511,0.048397753
0.1366676397569823,0.042380515,0.04868641
0.13682019889638403,0.042720832,0.04894816
0.13697275803578576,0.038625993,0.04916256
0.13712531717518747,0.031902686,0.049472593
0.1372778763145892,0.030096617,0.04972376
0.13743043545399095,0.041093506,0.049962297
0.13758299459339268,0.045707736,0.05029077
0.13773555373279442,0.027375085,0.05053185
0.13788811287219613,0.032127116,0.050826926
0.13804067201159786,0.035651043,0.05117863
0.1381932311509996,0.024049671,0.051377553
0.13834579029040134,0.025181694,0.051677592
0.13849834942980307,0.03288688,0.052027002
0.1386509085692048,0.043286026,0.052263755
0.13880346770860655,0.03181621,0.05259845
0.13895602684800828,0.033442605,0.05294905
0.13910858598741002,0.03939099,0.053197943
0.13926114512681173,0.037154846,0.053649135
0.13941370426621347,0.03067086,0.053997416
0.1395662634056152,0.023508582,0.054222643
0.13971882254501694,0.021643428,0.054641165
0.13987138168441868,0.018660374,0.054920096
0.1400239408238204,0.008233272,0.05522589
0.14017649996322212,0.03781104,0.055658095
0.14032905910262386,0.030398805,0.055982485
0.1404816182420256,0.022456715,0.0564514
0.14063417738142733,0.023952503,0.05678258
0.14078673652082904,0.027212461,0.057098225
0.14093929566023078,0.030057847,0.057492606
0.14109185479963254,0.04149046,0.05813594
0.14124441393903428,0.028214736,0.058281742
0.141396973078436,0.03096067,0.058729
0.14154953221783773,0.04233189,0.059346717
0.14170209135723946,0.036025416,0.059648417
0.1418546504966412,0.031465743,0.060064312
0.14200720963604294,0.03604921,0.06052773
0.14215976877544464,0.04576438,0.060936246
0.14231232791484638,0.05126078,0.061525077
0.14246488705424812,0.015236579,0.061924353
0.14261744619364985,0.020972554,0.06233962
0.1427700053330516,0.034882914,0.06295047
