#DAT file by SAXSII - Timestamp: 09/12/2024 14:40:48
radial-q_A^-1,intensity,sigma
0.00012720999243161018,6311153.5,823.4861
0.0002797691318333428,6068906.5,533.94653
0.00043232827123507536,5803694.5,420.7451
0.000584887410636808,5450040.5,346.81244
0.0007374465500385405,5018828.0,293.40726
0.0008900056894402731,4527619.5,253.16617
0.0010425648288420058,4006811.0,220.34892
0.0011951239682437384,3489395.2,194.17688
0.001347683107645471,2970577.0,170.60951
0.0015002422470472036,2451999.0,146.19702
0.001652801386448936,1953402.5,122.63845
0.0018053605258506686,1497956.4,101.78336
0.0019579196652524016,1105285.9,83.87382
0.002110478804654134,779495.3,68.6122
0.0022630379440558668,524952.75,55.346313
0.002415597083457599,335957.78,42.87313
0.002568156222859332,204201.73,31.877535
0.0027207153622610643,121636.195,23.630623
0.0028732745016627967,70659.97,17.447477
0.0030258336410645295,39954.316,12.856404
0.003178392780466262,22254.002,9.522669
0.0033309519198679947,11759.815,6.7669644
0.003483511059269727,5970.475,4.6749334
0.0036360701986714594,2889.0232,3.1631677
0.0037886293380731927,1354.3163,2.115401
0.003941188477474925,614.52814,1.3983586
0.004093747616876658,271.84265,0.91960514
0.004246306756278391,119.084816,0.5993491
0.004398865895680123,52.460796,0.3895644
0.004551425035081855,23.580154,0.25695443
0.004703984174483589,10.678855,0.17025745
0.004856543313885321,5.0154643,0.11635733
0.005009102453287053,2.6669853,0.08524123
0.005161661592688786,1.6973501,0.06931248
0.005314220732090518,1.3677372,0.06258569
0.005466779871492251,1.2076858,0.059865188
0.005619339010893984,1.0615258,0.0566665
0.005771898150295716,0.93495667,0.054348122
0.0059244572896974485,0.8563101,0.05299135
0.006077016429099181,0.8009593,0.05092709
0.006229575568500914,0.81019497,0.051312827
0.006382134707902647,0.6852471,0.0487736
0.00653469384730438,0.5864702,0.047565695
0.006687252986706112,0.63581455,0.047464047
0.0068398121261078445,0.5682996,0.046062402
0.006992371265509577,0.58546454,0.045867227
0.00714493040491131,0.531855,0.04481586
0.0072974895443130424,0.5011718,0.04429556
0.0074500486837147765,0.4828864,0.04384222
0.007602607823116509,0.36633092,0.042193186
0.007755166962518241,0.42755857,0.04253629
0.007907726101919975,0.3627297,0.04135763
0.008060285241321706,0.41430897,0.0412854
0.00821284438072344,0.3293969,0.040306557
0.00836540352012517,0.36361256,0.04055566
0.008517962659526904,0.317681,0.040061448
0.008670521798928637,0.27727276,0.03911779
0.008823080938330369,0.30827862,0.038875084
0.008975640077732102,0.2921551,0.038600117
0.009128199217133834,0.26671484,0.03794385
0.009280758356535567,0.26907265,0.037652403
0.0094333174959373,0.2534265,0.03759302
0.009585876635339032,0.23520482,0.037168495
0.009738435774740765,0.25756505,0.036701404
0.009890994914142498,0.25339097,0.036551826
0.01004355405354423,0.20913313,0.035940673
0.010196113192945963,0.2465652,0.036098816
0.010348672332347694,0.24659553,0.03567406
0.010501231471749427,0.22187842,0.035443235
0.01065379061115116,0.2215874,0.035251893
0.010806349750552892,0.21817732,0.034873545
0.010958908889954625,0.19595529,0.034504626
0.011111468029356357,0.22118936,0.03425116
0.01126402716875809,0.2397304,0.034171063
0.011416586308159823,0.21841803,0.03389303
0.011569145447561555,0.21126264,0.033669043
0.011721704586963288,0.1877977,0.033258878
0.01187426372636502,0.17550495,0.033052385
0.012026822865766753,0.17298326,0.032936346
0.012179382005168486,0.20857939,0.032814085
0.012331941144570218,0.18623422,0.032460824
0.012484500283971953,0.20633742,0.032476433
0.012637059423373682,0.15641919,0.03206617
0.012789618562775416,0.1784501,0.031850673
0.012942177702177147,0.17580661,0.031677835
0.01309473684157888,0.16601144,0.0315004
0.013247295980980612,0.1777213,0.03143441
0.013399855120382345,0.22057189,0.031398043
0.013552414259784077,0.19866706,0.031096825
0.013704973399185812,0.16354302,0.03072547
0.013857532538587541,0.18340845,0.030674305
0.014010091677989276,0.1489532,0.030414121
0.014162650817391008,0.162803,0.030216567
0.014315209956792741,0.16773048,0.030095696
0.014467769096194473,0.1811158,0.030102804
0.014620328235596206,0.155625,0.02965419
0.01477288737499794,0.15641226,0.029642276
0.01492544651439967,0.1663549,0.029525291
0.015078005653801406,0.15987445,0.029333577
0.015230564793203137,0.15828855,0.02921193
0.01538312393260487,0.14307702,0.029054357
0.015535683072006602,0.14318141,0.028784903
0.015688242211408337,0.1590309,0.0286371
0.015840801350810067,0.16712888,0.028672708
0.0159933604902118,0.16063316,0.028447114
0.016145919629613533,0.15820083,0.028457822
0.016298478769015266,0.14988843,0.028195607
0.016451037908416996,0.1512659,0.02803989
0.01660359704781873,0.15286161,0.027970636
0.016756156187220463,0.1470285,0.027811425
0.016908715326622196,0.13174382,0.027657848
0.017061274466023926,0.13576794,0.02766882
0.017213833605425662,0.12985949,0.027451139
0.017366392744827392,0.1368274,0.027233355
0.017518951884229125,0.13423309,0.027172286
0.01767151102363086,0.14388156,0.027067676
0.017824070163032592,0.120676585,0.026998231
0.01797662930243432,0.1313828,0.026781272
0.018129188441836055,0.1224086,0.026656857
0.018281747581237788,0.15230483,0.026643328
0.01843430672063952,0.1335352,0.026376752
0.01858686586004125,0.12963015,0.026341973
0.018739424999442988,0.13390589,0.026268806
0.018891984138844718,0.15109015,0.0261757
0.01904454327824645,0.14511123,0.026105693
0.019197102417648184,0.124008544,0.025910484
0.019349661557049917,0.12459561,0.025761893
0.019502220696451647,0.12860824,0.025692651
0.019654779835853384,0.1151842,0.025623476
0.019807338975255117,0.13793096,0.025586834
0.019959898114656847,0.12975731,0.02546394
0.02011245725405858,0.117921844,0.025297156
0.020265016393460313,0.1269429,0.025200257
0.020417575532862046,0.14441697,0.025151152
0.020570134672263776,0.13034055,0.02505819
0.020722693811665513,0.13184041,0.024971556
0.020875252951067243,0.114066325,0.02491197
0.021027812090468976,0.11089982,0.024761667
0.02118037122987071,0.12464131,0.02468629
0.021332930369272442,0.122662164,0.024555495
0.021485489508674172,0.11587147,0.024517657
0.021638048648075905,0.11290616,0.024408253
0.02179060778747764,0.11486727,0.024321701
0.021943166926879372,0.108854,0.024241416
0.0220957260662811,0.117194705,0.024172321
0.02224828520568284,0.11468384,0.024083143
0.022400844345084568,0.113055795,0.024004038
0.0225534034844863,0.11431248,0.023921542
0.022705962623888035,0.10828878,0.023835063
0.022858521763289768,0.10089606,0.023769256
0.023011080902691498,0.10686357,0.02364567
0.02316364004209323,0.12049069,0.023603158
0.023316199181494964,0.12070451,0.023516752
0.023468758320896697,0.11145329,0.023444716
0.023621317460298427,0.11279597,0.023375828
0.023773876599700164,0.10923312,0.023282355
0.023926435739101894,0.11475927,0.023183277
0.024078994878503627,0.11490656,0.023118863
0.02423155401790536,0.093743786,0.023040948
0.024384113157307093,0.10921092,0.022986589
0.024536672296708823,0.12003847,0.022915917
0.024689231436110556,0.1263966,0.022878703
0.024841790575512293,0.111612484,0.022782
0.024994349714914023,0.11697707,0.022717442
0.025146908854315753,0.11560737,0.022657458
0.02529946799371749,0.11048003,0.022590289
0.025452027133119223,0.11585526,0.022530448
0.025604586272520952,0.09987153,0.022472452
0.025757145411922686,0.104187004,0.022353746
0.025909704551324422,0.08811101,0.02225308
0.026062263690726152,0.09490513,0.022234414
0.026214822830127882,0.09022126,0.022192558
0.026367381969529615,0.10641313,0.022122154
0.026519941108931352,0.10838451,0.02204073
0.02667250024833308,0.11406787,0.021985061
0.026825059387734815,0.09371898,0.021891834
0.026977618527136545,0.11000621,0.021856949
0.02713017766653828,0.10570015,0.021791762
0.02728273680594001,0.10783161,0.021728732
0.027435295945341744,0.114329524,0.02182905
0.027587855084743474,0.113349706,0.021990914
0.02774041422414521,0.099218324,0.022067655
0.027892973363546944,0.0974974,0.022143465
0.028045532502948674,0.10802504,0.022174785
0.028198091642350404,0.10853764,0.022222416
0.02835065078175214,0.11205139,0.02225972
0.028503209921153874,0.09721928,0.022296613
0.028655769060555603,0.09741057,0.02224959
0.028808328199957337,0.0994323,0.022281783
0.028960887339359073,0.09488862,0.022250919
0.029113446478760803,0.08710911,0.022237966
0.029266005618162533,0.08970358,0.022279447
0.02941856475756427,0.08777293,0.022337856
0.029571123896966003,0.100434266,0.022286545
0.029723683036367732,0.09300959,0.022275038
0.029876242175769466,0.10442135,0.022261165
0.030028801315171202,0.115280025,0.022270333
0.030181360454572932,0.098232776,0.022260748
0.030333919593974662,0.09766489,0.02225139
0.030486478733376395,0.09775611,0.022201978
0.030639037872778132,0.09393063,0.022297477
0.03079159701217986,0.100663625,0.022602057
0.030944156151581595,0.10943156,0.022800121
0.031096715290983325,0.096691184,0.022940394
0.03124927443038506,0.103037484,0.023041239
0.03140183356978679,0.08773906,0.023090774
0.03155439270918852,0.10134773,0.023215199
0.03170695184859026,0.10557348,0.023305878
0.031859510987991994,0.094724216,0.023344796
0.032012070127393724,0.10064654,0.02340571
0.032164629266795454,0.10545475,0.023468245
0.032317188406197184,0.09595285,0.02351806
0.03246974754559892,0.09005773,0.023561515
0.03262230668500065,0.09452132,0.023644168
0.03277486582440239,0.10521393,0.023685543
0.03292742496380412,0.101540424,0.023733683
0.03307998410320585,0.08749445,0.023773968
0.03323254324260758,0.097891115,0.023798129
0.03338510238200931,0.10792397,0.023873705
0.03353766152141104,0.09877524,0.023914108
0.03369022066081278,0.10728138,0.023984684
0.033842779800214516,0.102506824,0.024015918
0.033995338939616246,0.09872729,0.02404777
0.034147898079017976,0.089763835,0.024020154
0.03430045721841971,0.09421554,0.024101188
0.03445301635782144,0.09840339,0.024164071
0.03460557549722317,0.10320086,0.024147404
0.03475813463662491,0.100709364,0.024216924
0.034910693776026645,0.09736416,0.024193086
0.035063252915428375,0.10420375,0.024255171
0.035215812054830105,0.10269007,0.024241464
0.03536837119423184,0.09107552,0.024274288
0.03552093033363357,0.09369073,0.024344647
0.0356734894730353,0.09131381,0.024379741
0.03582604861243704,0.08636796,0.024386665
0.035978607751838775,0.07284391,0.024423793
0.036131166891240504,0.072586425,0.024379857
0.036283726030642234,0.09076052,0.02447485
0.036436285170043964,0.09609846,0.024541074
0.0365888443094457,0.09309375,0.024959704
0.03674140344884743,0.073477626,0.025371693
0.03689396258824917,0.0798784,0.025685014
0.0370465217276509,0.08582812,0.02588655
0.037199080867052634,0.07781379,0.02601647
0.03735164000645436,0.08227253,0.026218286
0.03750419914585609,0.08109815,0.02645788
0.03765675828525783,0.08652145,0.026621232
0.037809317424659566,0.08155388,0.026846722
0.037961876564061296,0.077465184,0.026964825
0.038114435703463026,0.07969426,0.027053414
0.038266994842864756,0.08670304,0.027234599
0.03841955398226649,0.06796857,0.02736164
0.03857211312166822,0.07492157,0.027588336
0.03872467226106996,0.08135557,0.02783262
0.03887723140047169,0.08082108,0.027885305
0.039029790539873425,0.08405061,0.028023172
0.039182349679275155,0.09087967,0.028166944
0.039334908818676885,0.0751224,0.028259935
0.03948746795807862,0.07159654,0.028496055
0.03964002709748035,0.092938565,0.028760621
0.03979258623688209,0.08412353,0.028765613
0.03994514537628382,0.094321825,0.028925605
0.040097704515685555,0.078640126,0.02899451
0.040250263655087284,0.0753022,0.029111873
0.040402822794489014,0.07326753,0.029355105
0.040555381933890744,0.074719,0.029579358
0.04070794107329248,0.10092971,0.029691853
0.04086050021269422,0.08203347,0.029752536
0.04101305935209595,0.08052743,0.029787295
0.04116561849149768,0.07183516,0.030002747
0.041318177630899414,0.08352164,0.030172933
0.04147073677030114,0.07069819,0.029878343
0.04162329590970287,0.07321969,0.029121824
0.04177585504910461,0.09651974,0.028745778
0.04192841418850635,0.0974836,0.028539501
0.042080973327908076,0.07294507,0.028305782
0.042233532467309806,0.07586717,0.028150458
0.042386091606711536,0.09541304,0.027997067
0.04253865074611327,0.09235838,0.02781681
0.042691209885515,0.09687249,0.027735703
0.04284376902491674,0.11795909,0.027769567
0.04299632816431847,0.120955184,0.027564844
0.043148887303720206,0.087046996,0.027485805
0.043301446443121935,0.0957962,0.027395979
0.043454005582523665,0.10416801,0.027346615
0.043606564721925395,0.11261057,0.027246306
0.04375912386132713,0.09699692,0.027167749
0.04391168300072887,0.087082274,0.027097864
0.0440642421401306,0.0846866,0.027009781
0.044216801279532335,0.09972878,0.027029831
0.044369360418934065,0.09469521,0.02687429
0.044521919558335794,0.08554845,0.026805695
0.044674478697737524,0.080233015,0.026775049
0.04482703783713926,0.07941932,0.026724897
0.044979596976541,0.08498189,0.026697299
0.04513215611594273,0.09194943,0.026647637
0.04528471525534446,0.091142885,0.026587378
0.045437274394746194,0.074100845,0.026513133
0.045589833534147924,0.07167491,0.026508467
0.04574239267354965,0.07472523,0.026421428
0.04589495181295139,0.075814344,0.026389027
0.04604751095235313,0.063528895,0.02626403
0.046200070091754857,0.0857944,0.026242899
0.046352629231156586,0.09343801,0.026099298
0.046505188370558316,0.08755725,0.026040975
0.04665774750996005,0.074838385,0.025974581
0.04681030664936178,0.07663819,0.025884422
0.04696286578876352,0.08632856,0.02583089
0.04711542492816525,0.08983659,0.02576976
0.047267984067566986,0.07814125,0.025667628
0.047420543206968715,0.07798554,0.025658771
0.047573102346370445,0.0788702,0.025566904
0.047725661485772175,0.080934085,0.025491975
0.04787822062517391,0.07714142,0.025442569
0.04803077976457565,0.06783925,0.025356745
0.04818333890397738,0.09054967,0.025297444
0.04833589804337911,0.077604525,0.025211945
0.048488457182780845,0.08487742,0.02520841
0.048641016322182574,0.087723,0.02517698
0.048793575461584304,0.09010521,0.025078569
0.04894613460098604,0.086925045,0.025030896
0.04909869374038778,0.087512486,0.02496041
0.04925125287978951,0.07185644,0.02484109
0.04940381201919124,0.08823493,0.02485702
0.049556371158592974,0.074586555,0.024783751
0.049708930297994704,0.07632966,0.024724307
0.04986148943739643,0.07000436,0.024714746
0.05001404857679817,0.072163805,0.024665153
0.0501666077161999,0.076007985,0.02464055
0.05031916685560163,0.06822028,0.024623005
0.05047172599500337,0.07535327,0.024620976
0.0506242851344051,0.095412314,0.024700794
0.05077684427380683,0.08400042,0.024582842
0.05092940341320856,0.090081625,0.024539165
0.0510819625526103,0.08089413,0.024488349
0.05123452169201203,0.07483087,0.024494868
0.05138708083141376,0.08559553,0.024467794
0.05153963997081549,0.07388836,0.024440428
0.05169219911021723,0.07819721,0.024488699
0.05184475824961896,0.07198178,0.024372222
0.05199731738902069,0.06959689,0.024367258
0.05214987652842243,0.07853552,0.024370128
0.05230243566782416,0.06428942,0.024322009
0.05245499480722589,0.06772359,0.02437517
0.05260755394662762,0.078196555,0.024311338
0.05276011308602935,0.08095083,0.024255369
0.05291267222543109,0.08685682,0.024271239
0.05306523136483282,0.066380575,0.024212377
0.05321779050423456,0.06894974,0.024227511
0.05337034964363629,0.069184795,0.02417682
0.05352290878303802,0.076834664,0.024200013
0.05367546792243975,0.06990224,0.024132336
0.05382802706184148,0.07729781,0.02409868
0.05398058620124322,0.07828054,0.02410113
0.05413314534064495,0.09043087,0.024118746
0.05428570448004669,0.10540063,0.024133245
0.05443826361944842,0.08365868,0.024056489
0.05459082275885015,0.08443387,0.024025675
0.054743381898251876,0.07648058,0.023989907
0.054895941037653606,0.07037889,0.02395688
0.05504850017705534,0.07532531,0.023966676
0.05520105931645708,0.06677809,0.023922784
0.055353618455858816,0.07108877,0.023936298
0.055506177595260546,0.07710056,0.023922406
0.055658736734662276,0.07984544,0.023851376
0.055811295874064006,0.07239865,0.02384925
0.055963855013465735,0.086526036,0.023855757
0.05611641415286747,0.075193286,0.023828145
0.0562689732922692,0.070568494,0.023814762
0.056421532431670945,0.06667553,0.023776643
0.056574091571072675,0.0644279,0.023721907
0.056726650710474405,0.06557119,0.023742866
0.056879209849876135,0.07922417,0.023743615
0.057031768989277865,0.070744485,0.023683906
0.0571843281286796,0.056656428,0.023676494
0.05733688726808133,0.05880855,0.023656558
0.05748944640748306,0.067546755,0.02360942
0.057642005546884804,0.055537704,0.023588741
0.057794564686286534,0.061457913,0.023598175
0.057947123825688264,0.06989516,0.02359109
0.058099682965089994,0.068493366,0.023579128
0.05825224210449173,0.075472414,0.023580438
0.05840480124389346,0.08767736,0.02352641
0.05855736038329519,0.078697346,0.02347059
0.058709919522696934,0.07829577,0.023512337
0.05886247866209866,0.06355617,0.0234673
0.05901503780150039,0.066276565,0.023445591
0.05916759694090212,0.067904,0.023437154
0.05932015608030386,0.07483026,0.023391543
0.05947271521970559,0.06420121,0.023381982
0.05962527435910732,0.06667528,0.023365153
0.05977783349850905,0.06433841,0.023355637
0.05993039263791079,0.07070653,0.023346268
0.06008295177731252,0.067057714,0.023350524
0.06023551091671425,0.08069299,0.023326602
0.06038807005611599,0.065858416,0.023244942
0.06054062919551772,0.066065125,0.02326933
0.06069318833491945,0.06297699,0.02323888
0.06084574747432118,0.0691397,0.02322286
0.06099830661372291,0.072084054,0.023208747
0.06115086575312465,0.07386788,0.023197211
0.06130342489252638,0.07428569,0.023136819
0.06145598403192812,0.08184485,0.023139866
0.06160854317132985,0.07433977,0.023143051
0.06176110231073158,0.08074493,0.023126917
0.06191366145013331,0.079959415,0.023118796
0.06206622058953504,0.06986392,0.02307088
0.062218779728936774,0.07208608,0.023040213
0.06237133886833851,0.067357175,0.023046916
0.06252389800774025,0.07105602,0.023050124
0.06267645714714197,0.082011126,0.023030879
0.0628290162865437,0.06916011,0.023023559
0.06298157542594544,0.060569394,0.022960545
0.06313413456534717,0.06412517,0.02291418
0.0632866937047489,0.07042448,0.022916647
0.06343925284415063,0.06587426,0.02293415
0.06359181198355238,0.0702524,0.022936653
0.0637443711229541,0.064458385,0.022894612
0.06389693026235584,0.07131702,0.022864334
0.06404948940175757,0.06073675,0.02281506
0.0642020485411593,0.060376614,0.022826472
0.06435460768056103,0.05798488,0.022811795
0.06450716681996276,0.07060168,0.022822153
0.0646597259593645,0.06856606,0.022811389
0.06481228509876623,0.06250259,0.022753047
0.06496484423816797,0.06129128,0.02272754
0.0651174033775697,0.07221004,0.022723276
0.06526996251697142,0.07132823,0.022691542
0.06542252165637316,0.06918757,0.022686146
0.06557508079577488,0.07202443,0.022665977
0.06572763993517662,0.07509611,0.022668213
0.06588019907457836,0.06772329,0.022607435
0.0660327582139801,0.06772409,0.022613963
0.06618531735338183,0.06424383,0.022602193
0.06633787649278355,0.061195903,0.022585826
0.06649043563218529,0.06893928,0.022579858
0.06664299477158701,0.07477942,0.022611525
0.06679555391098875,0.07222579,0.022543399
0.06694811305039049,0.06014516,0.022514887
0.06710067218979222,0.074685484,0.022521175
0.06725323132919396,0.065444045,0.022474648
0.06740579046859568,0.06902361,0.022479063
0.06755834960799742,0.07453744,0.022478202
0.06771090874739914,0.076036915,0.022419134
0.06786346788680088,0.07300316,0.02241378
0.06801602702620262,0.068329215,0.022396669
0.06816858616560434,0.080024146,0.022417057
0.06832114530500609,0.07013477,0.022396488
0.06847370444440781,0.08008092,0.02238053
0.06862626358380955,0.06516982,0.022322673
0.06877882272321127,0.07493922,0.022308152
0.06893138186261301,0.07120215,0.022329314
0.06908394100201475,0.07688698,0.022310497
0.06923650014141647,0.07421446,0.022303952
0.06938905928081822,0.07134208,0.022277819
0.06954161842021994,0.07437993,0.022244522
0.06969417755962168,0.06588772,0.022186065
0.0698467366990234,0.06607538,0.022223853
0.06999929583842514,0.065001495,0.022177897
0.07015185497782687,0.069103226,0.02219472
0.0703044141172286,0.06485648,0.022190146
0.07045697325663033,0.072851904,0.022155773
0.07060953239603207,0.07181665,0.022093842
0.07076209153543381,0.068565875,0.022118023
0.07091465067483553,0.07266255,0.022112265
0.07106720981423727,0.063581645,0.022073586
0.071219768953639,0.061725385,0.02206936
0.07137232809304073,0.071446665,0.02205519
0.07152488723244246,0.062389035,0.022004634
0.07167744637184419,0.07082522,0.022007829
0.07183000551124594,0.060675442,0.021993
0.07198256465064766,0.05794023,0.021990404
0.0721351237900494,0.062305365,0.021968143
0.07228768292945113,0.06669558,0.021953056
0.07244024206885286,0.072289735,0.02194202
0.07259280120825459,0.06866374,0.021917826
0.07274536034765632,0.07318055,0.021922912
0.07289791948705805,0.06797303,0.021887925
0.07305047862645979,0.06745444,0.021875264
0.07320303776586153,0.0639716,0.021853179
0.07335559690526326,0.054124486,0.021826327
0.07350815604466499,0.063772485,0.021850474
0.07366071518406672,0.070843644,0.021875523
0.07381327432346844,0.07130154,0.021811431
0.07396583346287018,0.06666076,0.021794362
0.07411839260227192,0.08145514,0.021819405
0.07427095174167365,0.066941634,0.02176821
0.07442351088107539,0.07292694,0.021745259
0.07457607002047711,0.072726004,0.021738121
0.07472862915987885,0.07300716,0.021746466
0.07488118829928057,0.068731785,0.021715648
0.07503374743868231,0.07113381,0.021691509
0.07518630657808405,0.07179483,0.021646356
0.07533886571748578,0.0731952,0.021649364
0.07549142485688752,0.06429195,0.021656716
0.07564398399628924,0.05794864,0.021629246
0.07579654313569098,0.0620944,0.021607276
0.07594910227509272,0.06418046,0.021590767
0.07610166141449444,0.06482182,0.021567173
0.07625422055389618,0.06813167,0.021553457
0.0764067796932979,0.06436096,0.021569598
0.07655933883269965,0.059958015,0.0215293
0.07671189797210137,0.06730343,0.021535298
0.07686445711150311,0.07532559,0.0215164
0.07701701625090485,0.06913882,0.021486543
0.07716957539030657,0.06362509,0.02145881
0.0773221345297083,0.06591204,0.021484395
0.07747469366911003,0.058458626,0.021445889
0.07762725280851177,0.07838123,0.021474125
0.0777798119479135,0.059017308,0.021422029
0.07793237108731524,0.063310884,0.021384815
0.07808493022671698,0.057159383,0.021383464
0.0782374893661187,0.06031375,0.021365557
0.07839004850552043,0.06021604,0.021358334
0.07854260764492216,0.058803607,0.021375133
0.0786951667843239,0.061665583,0.021359177
0.07884772592372563,0.06738258,0.021311652
0.07900028506312737,0.053539958,0.021284238
0.0791528442025291,0.06355088,0.021314273
0.07930540334193083,0.06363173,0.021284876
0.07945796248133256,0.067540795,0.021273416
0.07961052162073429,0.06663018,0.021255746
0.07976308076013602,0.073649116,0.021221664
0.07991563989953776,0.06756129,0.021204934
0.0800681990389395,0.057005607,0.021192791
0.08022075817834123,0.06865765,0.021198526
0.08037331731774296,0.06582436,0.021174101
0.0805258764571447,0.05764017,0.021186372
0.08067843559654642,0.052248754,0.02113958
0.08083099473594815,0.060675647,0.021110311
0.08098355387534989,0.06247177,0.02111328
0.08113611301475161,0.056187235,0.021120293
0.08128867215415336,0.056840546,0.021123357
0.08144123129355509,0.058195516,0.02109289
0.08159379043295682,0.05918108,0.021075217
0.08174634957235855,0.05791894,0.02103384
0.08189890871176028,0.063779674,0.021050371
0.08205146785116202,0.0650993,0.021034097
0.08220402699056374,0.06380363,0.02102419
0.08235658612996548,0.05769101,0.02100608
0.08250914526936722,0.06112748,0.020969613
0.08266170440876895,0.05890736,0.02095001
0.08281426354817067,0.06605736,0.020944316
0.08296682268757241,0.074388966,0.020937555
0.08311938182697415,0.0658192,0.020930778
0.08327194096637587,0.06610103,0.020928519
0.08342450010577761,0.06732203,0.02091969
0.08357705924517934,0.06584883,0.020888288
0.08372961838458108,0.063679025,0.020872466
0.0838821775239828,0.06596095,0.02086907
0.08403473666338454,0.07075509,0.020844588
0.08418729580278628,0.057680923,0.020832079
0.084339854942188,0.0669015,0.020839347
0.08449241408158974,0.054402202,0.020800212
0.08464497322099146,0.06369516,0.020803655
0.08479753236039321,0.06923827,0.020814434
0.08495009149979493,0.05955657,0.020768793
0.08510265063919667,0.06294163,0.020787757
0.0852552097785984,0.06612182,0.02076268
0.08540776891800013,0.06719058,0.020722095
0.08556032805740187,0.061570097,0.0207015
0.08571288719680359,0.06331841,0.020710664
0.08586544633620533,0.06627676,0.020703314
0.08601800547560706,0.07299873,0.020685727
0.0861705646150088,0.077592164,0.020683182
0.08632312375441054,0.06992663,0.02063581
0.08647568289381226,0.06605259,0.020640254
0.086628242033214,0.056689575,0.020638494
0.08678080117261572,0.061232544,0.02060907
0.08693336031201745,0.054488394,0.020598227
0.08708591945141919,0.067302465,0.02061542
0.08723847859082093,0.080314584,0.020574292
0.08739103773022266,0.07632427,0.020562211
0.08754359686962439,0.07069772,0.020587916
0.08769615600902612,0.05958693,0.020536086
0.08784871514842785,0.06553904,0.020530853
0.08800127428782958,0.062816724,0.020512301
0.08815383342723132,0.06349306,0.020501336
0.08830639256663306,0.056188777,0.020461207
0.0884589517060348,0.06301266,0.020483991
0.08861151084543652,0.06837442,0.020452948
0.08876406998483825,0.06233105,0.020478314
0.08891662912423998,0.06517551,0.020449122
0.08906918826364171,0.056613624,0.02040635
0.08922174740304345,0.06606266,0.02041262
0.08937430654244517,0.059779692,0.020386824
0.08952686568184692,0.053733166,0.020385468
0.08967942482124865,0.053501442,0.020373002
0.08983198396065038,0.05894055,0.020366613
0.0899845431000521,0.058268104,0.020335784
0.09013710223945384,0.064156346,0.020324025
0.09028966137885558,0.07559616,0.020334065
0.0904422205182573,0.06537651,0.020322746
0.09059477965765904,0.068370014,0.02030384
0.09074733879706078,0.07468098,0.02031723
0.09089989793646251,0.07731838,0.02030351
0.09105245707586423,0.06346314,0.02023891
0.09120501621526597,0.067511484,0.0202432
0.09135757535466771,0.07482614,0.020264069
0.09151013449406943,0.06254273,0.02022301
0.09166269363347117,0.06689432,0.020230817
0.09181525277287289,0.07136794,0.020212917
0.09196781191227464,0.065893464,0.020163791
0.09212037105167636,0.047444254,0.020186717
0.0922729301910781,0.055532884,0.020173617
0.09242548933047984,0.06489305,0.020171756
0.09257804846988156,0.065190636,0.020154094
0.0927306076092833,0.06950964,0.020146314
0.09288316674868502,0.059623666,0.020107962
0.09303572588808677,0.06895606,0.020117719
0.0931882850274885,0.061018903,0.020099122
0.09334084416689023,0.059177052,0.02007649
0.09349340330629197,0.057557087,0.020083288
0.09364596244569369,0.06183407,0.020050254
0.09379852158509543,0.077713415,0.02002821
0.09395108072449715,0.071952075,0.020044094
0.09410363986389889,0.067755066,0.020051751
0.09425619900330062,0.06574671,0.020031156
0.09440875814270236,0.06360499,0.020024477
0.0945613172821041,0.060337804,0.019989673
0.09471387642150582,0.07358395,0.019958315
0.09486643556090756,0.069599494,0.019973436
0.09501899470030928,0.07770401,0.019967774
0.09517155383971102,0.07351248,0.019948427
0.09532411297911275,0.07171191,0.019934937
0.09547667211851449,0.0714527,0.01991298
0.09562923125791623,0.06596725,0.019896606
0.09578179039731795,0.07809598,0.01990209
0.09593434953671968,0.07780704,0.019909948
0.09608690867612141,0.068849705,0.01988568
0.09623946781552314,0.059291095,0.019872371
0.09639202695492488,0.061569307,0.019857947
0.0965445860943266,0.052411985,0.019813858
0.09669714523372835,0.067699485,0.019806458
0.09684970437313008,0.0679148,0.019830398
0.09700226351253181,0.06402819,0.01980586
0.09715482265193354,0.06811215,0.019816522
0.09730738179133527,0.07349107,0.01978642
0.09745994093073701,0.05841935,0.019752739
0.09761250007013873,0.05976577,0.019761164
0.09776505920954047,0.058505043,0.019758463
0.0979176183489422,0.0588628,0.019729055
0.09807017748834394,0.061423715,0.019727731
0.09822273662774567,0.07251855,0.019735135
0.0983752957671474,0.058619116,0.019691948
0.09852785490654914,0.06680627,0.01968856
0.09868041404595086,0.056854647,0.01967461
0.0988329731853526,0.05968561,0.01966754
0.09898553232475434,0.058667023,0.019657297
0.09913809146415607,0.059860144,0.019645954
0.0992906506035578,0.053838894,0.019617766
0.09944320974295953,0.060799293,0.019609492
0.09959576888236127,0.06654215,0.019616155
0.09974832802176299,0.05661441,0.019612817
0.09990088716116473,0.059801508,0.019607034
0.10005344630056645,0.0674545,0.019586977
0.10020600543996819,0.06109453,0.01954395
0.10035856457936992,0.05771443,0.019547174
0.10051112371877165,0.059076052,0.019542567
0.10066368285817338,0.06077301,0.019527407
0.10081624199757513,0.055944595,0.019524071
0.10096880113697687,0.055369385,0.01951435
0.1011213602763786,0.059489854,0.019478371
0.10127391941578033,0.060580462,0.019481251
0.10142647855518205,0.057164133,0.019486384
0.10157903769458379,0.06414255,0.019472882
0.10173159683398553,0.05831147,0.019458115
0.10188415597338725,0.05183857,0.019455427
0.10203671511278899,0.052965604,0.01942491
0.10218927425219071,0.054914866,0.01941237
0.10234183339159245,0.046617087,0.01940249
0.10249439253099418,0.051607545,0.019396877
0.1026469516703959,0.057101604,0.01940253
0.10279951080979764,0.047926683,0.019381762
0.10295206994919937,0.047688834,0.01935725
0.10310462908860113,0.05377655,0.019332128
0.10325718822800285,0.051086385,0.019346222
0.10340974736740459,0.06283741,0.01935329
0.10356230650680631,0.068523124,0.019318376
0.10371486564620805,0.054775834,0.019320248
0.10386742478560979,0.062412,0.019310037
0.10401998392501151,0.06312225,0.019294612
0.10417254306441324,0.06371348,0.019273797
0.10432510220381497,0.06478563,0.01927791
0.1044776613432167,0.0705952,0.01927091
0.10463022048261844,0.07381871,0.019265467
0.10478277962202016,0.060282376,0.019247755
0.1049353387614219,0.064893864,0.019209953
0.10508789790082362,0.07083147,0.019236188
0.10524045704022536,0.06385256,0.019209027
0.1053930161796271,0.060899466,0.019216435
0.10554557531902885,0.050990324,0.019195922
0.10569813445843057,0.0500882,0.01916943
0.10585069359783231,0.064714395,0.019144302
0.10600325273723404,0.0627567,0.019153893
0.10615581187663577,0.05969422,0.019148625
0.1063083710160375,0.056161728,0.019129738
0.10646093015543923,0.060628757,0.019145105
0.10661348929484096,0.06725246,0.019119037
0.1067660484342427,0.06313195,0.019086668
0.10691860757364442,0.071892776,0.01910595
0.10707116671304616,0.06528337,0.019100007
0.10722372585244788,0.06901284,0.019080414
0.10737628499184962,0.06284962,0.019341163
0.10752884413125136,0.0555433,0.019620523
0.10768140327065308,0.058175825,0.019825054
0.10783396241005483,0.052710433,0.020027207
0.10798652154945657,0.05923392,0.020181563
0.1081390806888583,0.0652065,0.020302678
0.10829163982826003,0.06907924,0.020381922
0.10844419896766176,0.07085144,0.020450208
0.10859675810706348,0.0696627,0.020821344
0.10874931724646522,0.06281371,0.021405375
0.10890187638586696,0.06139455,0.021792747
0.10905443552526868,0.06095577,0.022137096
0.10920699466467042,0.058394786,0.022431241
0.10935955380407214,0.059992705,0.022725552
0.10951211294347388,0.0527094,0.02299943
0.10966467208287561,0.044032514,0.023264108
0.10981723122227734,0.05046768,0.023558993
0.10996979036167907,0.056554224,0.02380354
0.1101223495010808,0.05537383,0.02406896
0.11027490864048256,0.049249,0.024331102
0.11042746777988428,0.05338113,0.024598006
0.11058002691928602,0.050337538,0.02482348
0.11073258605868774,0.0574695,0.02508723
0.11088514519808948,0.06322533,0.025354331
0.11103770433749122,0.06992138,0.025642803
0.11119026347689294,0.07287486,0.025869243
0.11134282261629468,0.067507826,0.026114305
0.1114953817556964,0.05550563,0.026377926
0.11164794089509814,0.060194485,0.02663703
0.11180050003449987,0.050983015,0.026849505
0.1119530591739016,0.042051792,0.027012225
0.11210561831330333,0.048791487,0.027169527
0.11225817745270505,0.044941444,0.027293647
0.11241073659210679,0.04438147,0.027387053
0.11256329573150854,0.050442845,0.02749455
0.11271585487091028,0.046348,0.027625438
0.112868414010312,0.045792546,0.027755884
0.11302097314971374,0.057968102,0.027843215
0.11317353228911547,0.04749998,0.027930574
0.1133260914285172,0.04194397,0.028052988
0.11347865056791893,0.047952585,0.02809569
0.11363120970732066,0.05605473,0.028132342
0.1137837688467224,0.0543585,0.028224492
0.11393632798612413,0.036288507,0.028221676
0.11408888712552585,0.04871703,0.028251998
0.11424144626492759,0.05783815,0.028321866
0.11439400540432931,0.062305525,0.028354673
0.11454656454373105,0.07060448,0.02841044
0.11469912368313279,0.07153685,0.028477494
0.11485168282253451,0.062572666,0.028532695
0.11500424196193626,0.06410974,0.028564403
0.115156801101338,0.04211557,0.028590186
0.11530936024073973,0.0612778,0.028709274
0.11546191938014146,0.059261285,0.028797794
0.11561447851954319,0.06638062,0.028883364
0.11576703765894492,0.06263263,0.028966324
0.11591959679834665,0.05632405,0.029110158
0.11607215593774839,0.06307194,0.029241705
0.11622471507715011,0.055757705,0.029289132
0.11637727421655185,0.06554903,0.029408257
0.11652983335595357,0.04392597,0.029500049
0.11668239249535531,0.048775695,0.02958544
0.11683495163475704,0.045236062,0.029686421
0.11698751077415877,0.06086641,0.029763453
0.1171400699135605,0.050267812,0.02986318
0.11729262905296226,0.062600724,0.029978912
0.11744518819236399,0.06020327,0.030068178
0.11759774733176571,0.06212392,0.030167073
0.11775030647116745,0.05091884,0.030274365
0.11790286561056917,0.06113457,0.030370094
0.11805542474997091,0.064097,0.030487956
0.11820798388937265,0.071354784,0.03062227
0.11836054302877437,0.049458995,0.030693376
0.11851310216817611,0.05569023,0.030780433
0.11866566130757783,0.06438344,0.030922571
0.11881822044697957,0.062986195,0.031026784
0.1189707795863813,0.05112892,0.031157734
0.11912333872578303,0.049639117,0.031204851
0.11927589786518476,0.05665053,0.03129863
0.11942845700458649,0.048918746,0.031401996
0.11958101614398822,0.04651184,0.031561263
0.11973357528338997,0.05145806,0.031640157
0.11988613442279171,0.04285395,0.031714484
0.12003869356219343,0.04226518,0.031806752
0.12019125270159517,0.0517646,0.031932727
0.1203438118409969,0.04388061,0.03205625
0.12049637098039863,0.040051695,0.032148693
0.12064893011980037,0.03998987,0.032256857
0.12080148925920209,0.030321052,0.03236957
0.12095404839860383,0.0517677,0.03248971
0.12110660753800556,0.0641301,0.032625977
0.12125916667740728,0.05679097,0.032699414
0.12141172581680902,0.039782915,0.032788042
0.12156428495621074,0.0569637,0.03289121
0.12171684409561248,0.056950245,0.033022687
0.12186940323501422,0.05506517,0.03314165
0.12202196237441594,0.051682413,0.033250317
0.12217452151381769,0.06458527,0.033332407
0.12232708065321943,0.06751384,0.03343775
0.12247963979262116,0.06090421,0.033556614
0.12263219893202289,0.064536974,0.03370461
0.12278475807142462,0.055490166,0.033774443
0.12293731721082635,0.06684587,0.03398051
0.12308987635022808,0.058456287,0.03407531
0.12324243548962982,0.06062633,0.03416012
0.12339499462903154,0.054017868,0.03426585
0.12354755376843328,0.04830228,0.034385424
0.123700112907835,0.050011266,0.03453688
0.12385267204723674,0.046133496,0.034636524
0.12400523118663848,0.045536008,0.03472786
0.1241577903260402,0.050840627,0.034828633
0.12431034946544194,0.048011173,0.034961537
0.12446290860484369,0.05765203,0.03515134
0.12461546774424542,0.0518951,0.035325233
0.12476802688364715,0.05136959,0.03531419
0.12492058602304888,0.047492765,0.03543348
0.1250731451624506,0.051996186,0.03557225
0.12522570430185234,0.054316636,0.03567108
0.12537826344125408,0.042539794,0.035836514
0.12553082258065582,0.05298229,0.035967153
0.12568338172005752,0.042329613,0.03607986
0.12583594085945926,0.046245158,0.036222704
0.125988499998861,0.051372103,0.036326345
0.12614105913826273,0.058269534,0.036422007
0.12629361827766447,0.06190353,0.03659893
0.12644617741706618,0.044209115,0.036703072
0.12659873655646792,0.043947123,0.03682842
0.12675129569586965,0.04118216,0.036965553
0.12690385483527142,0.054190755,0.037096243
0.12705641397467313,0.053883158,0.0373751
0.12720897311407486,0.058268867,0.037466243
0.1273615322534766,0.049190186,0.03749148
0.12751409139287834,0.03759813,0.037625384
0.12766665053228007,0.037814643,0.037785567
0.12781920967168178,0.04713067,0.037962317
0.12797176881108352,0.04761894,0.038050167
0.12812432795048526,0.0633368,0.038250305
0.128276887089887,0.035493597,0.038320974
0.12842944622928873,0.04117211,0.03847838
0.12858200536869044,0.045670062,0.038726866
0.12873456450809218,0.04598875,0.038770404
0.1288871236474939,0.03504483,0.038961962
0.12903968278689565,0.032640684,0.039098788
0.12919224192629739,0.032705177,0.039204776
0.12934480106569912,0.04556093,0.03937571
0.12949736020510086,0.040436603,0.03956783
0.1296499193445026,0.05833612,0.039657656
0.12980247848390433,0.051391166,0.039896015
0.12995503762330604,0.054108962,0.039972205
0.13010759676270778,0.03933359,0.040127985
0.13026015590210951,0.041972175,0.040312484
0.13041271504151125,0.04034424,0.040444314
0.130565274180913,0.03440709,0.040617358
0.1307178333203147,0.046994388,0.04083525
0.13087039245971643,0.035194308,0.040929142
0.13102295159911817,0.046117164,0.041160587
0.1311755107385199,0.03097555,0.041352924
0.13132806987792164,0.053361382,0.041470207
0.13148062901732335,0.04906314,0.04162686
0.13163318815672512,0.047811244,0.04185287
0.13178574729612685,0.05528468,0.042007495
0.1319383064355286,0.034009717,0.042157248
0.1320908655749303,0.0217008,0.042384528
0.13224342471433204,0.037596587,0.042485088
0.13239598385373377,0.021377357,0.042707473
0.1325485429931355,0.02738597,0.04289226
0.13270110213253725,0.025846196,0.043107316
0.13285366127193896,0.032642886,0.043257333
0.1330062204113407,0.029916352,0.043411214
0.13315877955074243,0.036376853,0.043610234
0.13331133869014417,0.04852026,0.043830007
0.1334638978295459,0.036961928,0.043985162
0.1336164569689476,0.023347763,0.04420392
0.13376901610834935,0.035581656,0.044456214
0.1339215752477511,0.04967149,0.04458263
0.13407413438715285,0.075363405,0.04481504
0.13422669352655456,0.052182667,0.04510513
0.1343792526659563,0.061889745,0.04520141
0.13453181180535803,0.054473083,0.04552377
0.13468437094475977,0.043056842,0.04564899
0.1348369300841615,0.04002194,0.045843847
0.1349894892235632,0.052410804,0.046123076
0.13514204836296495,0.048432805,0.046399884
0.1352946075023667,0.039634652,0.04651201
0.13544716664176842,0.02886601,0.046780393
0.13559972578117016,0.041656327,0.046966683
0.13575228492057187,0.02103608,0.047206532
0.1359048440599736,0.04186551,0.04747826
0.13605740319937534,0.041502427,0.0476659
0.13620996233877708,0.023306096,0.04793066
0.13636252147817882,0.037480246,0.04829753
0.13651508061758055,0.019770252,0.04839806
0.1366676397569823,0.035418365,0.04868641
0.13682019889638403,0.04077471,0.04894816
0.13697275803578576,0.029392794,0.04916256
0.13712531717518747,0.031807613,0.049472593
0.1372778763145892,0.011705035,0.04972376
0.13743043545399095,0.026136857,0.049962297
0.13758299459339268,0.03918474,0.05029077
0.13773555373279442,0.03521095,0.05053185
0.13788811287219613,0.031698532,0.050799362
0.13804067201159786,0.031774145,0.051141646
0.1381932311509996,0.030202357,0.051377553
0.13834579029040134,0.028357957,0.051677592
0.13849834942980307,0.010196544,0.052027002
0.1386509085692048,0.022538653,0.052263755
0.13880346770860655,0.035817843,0.05259845
0.13895602684800828,0.035024866,0.05294905
0.13910858598741002,0.03374291,0.053197943
0.13926114512681173,0.03706652,0.0535678
0.13941370426621347,0.027673986,0.053912006
0.1395662634056152,0.020819487,0.05418325
0.13971882254501694,0.019352209,0.05458614
0.13987138168441868,0.025926052,0.054920096
0.1400239408238204,0.038631316,0.05522589
0.14017649996322212,0.0361958,0.055658095
0.14032905910262386,0.02266158,0.055978835
0.1404816182420256,0.023018602,0.056325037
0.14063417738142733,0.038380474,0.05678258
0.14078673652082904,0.039086875,0.057098225
0.14093929566023078,0.020208279,0.057492606
0.14109185479963254,0.032349467,0.057965703
0.14124441393903428,0.011209487,0.058281314
0.141396973078436,0.023371255,0.058729
0.14154953221783773,0.020052299,0.059213378
0.14170209135723946,0.03925717,0.059641387
0.1418546504966412,0.033135965,0.060064312
0.14200720963604294,0.053381983,0.06052773
0.14215976877544464,0.049028028,0.060895238
0.14231232791484638,0.020432994,0.061452683
0.14246488705424812,0.05102716,0.0619381
0.14261744619364985,0.051940553,0.06268533
0.1427700053330516,0.045611296,0.062951095
