#DAT file by SAXSII - Timestamp: 09/12/2024 14:40:47
radial-q_A^-1,intensity,sigma
0.00012720999243161018,6358960.5,826.62256
0.0002797691318333428,6113222.0,535.8829
0.00043232827123507536,5844469.5,422.1838
0.000584887410636808,5486846.5,347.9558
0.0007374465500385405,5049823.5,294.31448
0.0008900056894402731,4552258.5,253.87854
0.0010425648288420058,4025317.5,220.88156
0.0011951239682437384,3501350.0,194.51974
0.001347683107645471,2975197.2,170.73419
0.0015002422470472036,2451613.0,146.17487
0.001652801386448936,1949373.0,122.50518
0.0018053605258506686,1492128.6,101.581924
0.0019579196652524016,1099031.8,83.63286
0.002110478804654134,773372.75,68.34284
0.0022630379440558668,519451.66,55.06105
0.002415597083457599,331211.34,42.569717
0.002568156222859332,200728.08,31.602463
0.0027207153622610643,119345.27,23.402618
0.0028732745016627967,69197.87,17.261734
0.0030258336410645295,39084.926,12.715547
0.003178392780466262,21641.738,9.373032
0.0033309519198679947,11408.974,6.660003
0.003483511059269727,5780.3105,4.600013
0.0036360701986714594,2790.8535,3.1077685
0.0037886293380731927,1302.481,2.070257
0.003941188477474925,589.61176,1.3677015
0.004093747616876658,261.46536,0.90212846
0.004246306756278391,114.13328,0.5863803
0.004398865895680123,51.66406,0.3881376
0.004551425035081855,22.660856,0.251715
0.004703984174483589,9.977498,0.16389598
0.004856543313885321,4.80729,0.112806216
0.005009102453287053,2.7800813,0.087914854
0.005161661592688786,1.7725413,0.07126333
0.005314220732090518,1.3458015,0.0626876
0.005466779871492251,1.2238774,0.059472412
0.005619339010893984,1.0285919,0.05595763
0.005771898150295716,0.9699589,0.054931797
0.0059244572896974485,0.81073314,0.05245815
0.006077016429099181,0.8277524,0.05242915
0.006229575568500914,0.66080046,0.049249735
0.006382134707902647,0.6491583,0.048054233
0.00653469384730438,0.674134,0.048644897
0.006687252986706112,0.61172134,0.04685221
0.0068398121261078445,0.54890466,0.045806453
0.006992371265509577,0.4811819,0.045310974
0.00714493040491131,0.47659665,0.044755895
0.0072974895443130424,0.4176238,0.043613773
0.0074500486837147765,0.4186139,0.043024458
0.007602607823116509,0.38700575,0.042586006
0.007755166962518241,0.40579802,0.041806757
0.007907726101919975,0.40185767,0.0421453
0.008060285241321706,0.39383468,0.040924825
0.00821284438072344,0.33207726,0.040385153
0.00836540352012517,0.34917215,0.04019568
0.008517962659526904,0.31292543,0.039864708
0.008670521798928637,0.33518723,0.039550837
0.008823080938330369,0.3189299,0.038871344
0.008975640077732102,0.28709856,0.03822746
0.009128199217133834,0.2589981,0.037883423
0.009280758356535567,0.2353972,0.03759817
0.0094333174959373,0.27240828,0.037505485
0.009585876635339032,0.23815627,0.037091263
0.009738435774740765,0.26416114,0.036987
0.009890994914142498,0.26718357,0.03649555
0.01004355405354423,0.23146348,0.036091827
0.010196113192945963,0.21200384,0.035766676
0.010348672332347694,0.18307564,0.03552255
0.010501231471749427,0.22953893,0.03552386
0.01065379061115116,0.2536554,0.035221826
0.010806349750552892,0.23335916,0.034816552
0.010958908889954625,0.17826487,0.03434963
0.011111468029356357,0.17068094,0.034166753
0.01126402716875809,0.20126453,0.034125924
0.011416586308159823,0.19096032,0.033743896
0.011569145447561555,0.22234315,0.033781502
0.011721704586963288,0.20633544,0.033357643
0.01187426372636502,0.19581476,0.033093844
0.012026822865766753,0.19986922,0.032912027
0.012179382005168486,0.20371366,0.03288112
0.012331941144570218,0.19776869,0.03248747
0.012484500283971953,0.17262563,0.032318793
0.012637059423373682,0.1905666,0.032120872
0.012789618562775416,0.20066927,0.03191254
0.012942177702177147,0.18325272,0.031716608
0.01309473684157888,0.18427849,0.031520873
0.013247295980980612,0.16352421,0.031348996
0.013399855120382345,0.17202593,0.03122589
0.013552414259784077,0.16785014,0.030971749
0.013704973399185812,0.1571905,0.030664794
0.013857532538587541,0.17258072,0.030683976
0.014010091677989276,0.18025948,0.030531853
0.014162650817391008,0.18586205,0.030365685
0.014315209956792741,0.14844427,0.030034505
0.014467769096194473,0.1624644,0.029904248
0.014620328235596206,0.17000625,0.029798483
0.01477288737499794,0.16798216,0.029579611
0.01492544651439967,0.15144369,0.029458638
0.015078005653801406,0.16647656,0.029355226
0.015230564793203137,0.18672077,0.029283889
0.01538312393260487,0.17441426,0.029094547
0.015535683072006602,0.1663292,0.02889386
0.015688242211408337,0.15587488,0.028679302
0.015840801350810067,0.16283837,0.028749008
0.0159933604902118,0.13947462,0.028457243
0.016145919629613533,0.13714682,0.028311368
0.016298478769015266,0.14119789,0.028168406
0.016451037908416996,0.1640705,0.028045198
0.01660359704781873,0.16406864,0.027895952
0.016756156187220463,0.15959693,0.027837534
0.016908715326622196,0.16100755,0.027733793
0.017061274466023926,0.1422792,0.027602132
0.017213833605425662,0.12626247,0.02742194
0.017366392744827392,0.124040805,0.027215492
0.017518951884229125,0.13671352,0.027193405
0.01767151102363086,0.14157496,0.027065137
0.017824070163032592,0.1459401,0.027004462
0.01797662930243432,0.15128735,0.026879903
0.018129188441836055,0.14855552,0.026735723
0.018281747581237788,0.1458644,0.026545303
0.01843430672063952,0.13891372,0.026468875
0.01858686586004125,0.12280444,0.026279371
0.018739424999442988,0.14215612,0.026301686
0.018891984138844718,0.1363726,0.026176509
0.01904454327824645,0.1319178,0.026099449
0.019197102417648184,0.14597048,0.025947386
0.019349661557049917,0.1426732,0.02579229
0.019502220696451647,0.14616515,0.025723543
0.019654779835853384,0.13778664,0.025632296
0.019807338975255117,0.1191975,0.025529671
0.019959898114656847,0.13205509,0.025467124
0.02011245725405858,0.12882935,0.025391318
0.020265016393460313,0.11198914,0.025217043
0.020417575532862046,0.120155156,0.025146088
0.020570134672263776,0.11839563,0.025094587
0.020722693811665513,0.12592173,0.0249921
0.020875252951067243,0.13419876,0.024878463
0.021027812090468976,0.12401893,0.024758518
0.02118037122987071,0.14036377,0.024657523
0.021332930369272442,0.12275509,0.024604855
0.021485489508674172,0.12522279,0.024523102
0.021638048648075905,0.12293278,0.024388451
0.02179060778747764,0.11656873,0.024350138
0.021943166926879372,0.11384778,0.024255255
0.0220957260662811,0.10842676,0.024144292
0.02224828520568284,0.11945666,0.024027055
0.022400844345084568,0.12049072,0.024037104
0.0225534034844863,0.110986464,0.023886368
0.022705962623888035,0.123971686,0.023881512
0.022858521763289768,0.12747557,0.023756176
0.023011080902691498,0.11709848,0.023616819
0.02316364004209323,0.11868748,0.023566203
0.023316199181494964,0.11811049,0.023546124
0.023468758320896697,0.12107411,0.023483276
0.023621317460298427,0.116499096,0.023418356
0.023773876599700164,0.113931485,0.023322813
0.023926435739101894,0.12075739,0.02321525
0.024078994878503627,0.12412703,0.023149421
0.02423155401790536,0.12577958,0.023078734
0.024384113157307093,0.13028848,0.023043593
0.024536672296708823,0.13015053,0.022926979
0.024689231436110556,0.12372204,0.022853391
0.024841790575512293,0.108362816,0.022761133
0.024994349714914023,0.12184501,0.022748921
0.025146908854315753,0.12905152,0.022682399
0.02529946799371749,0.11752071,0.022557752
0.025452027133119223,0.11234552,0.022529343
0.025604586272520952,0.11077031,0.022454591
0.025757145411922686,0.10448862,0.022351284
0.025909704551324422,0.110796355,0.022292014
0.026062263690726152,0.12108005,0.02225408
0.026214822830127882,0.1088237,0.022162648
0.026367381969529615,0.105468474,0.022155516
0.026519941108931352,0.10569283,0.022041423
0.02667250024833308,0.1039157,0.021973833
0.026825059387734815,0.10940975,0.021913737
0.026977618527136545,0.10276672,0.021830317
0.02713017766653828,0.10522645,0.02179811
0.02728273680594001,0.10270732,0.021707956
0.027435295945341744,0.100462,0.021797566
0.027587855084743474,0.1009799,0.021986628
0.02774041422414521,0.09361965,0.022077996
0.027892973363546944,0.09649871,0.022125999
0.028045532502948674,0.11176464,0.022187443
0.028198091642350404,0.09379444,0.022205211
0.02835065078175214,0.09153345,0.022255003
0.028503209921153874,0.10904665,0.022282641
0.028655769060555603,0.11236474,0.022266792
0.028808328199957337,0.09769968,0.022263985
0.028960887339359073,0.10698042,0.022298584
0.029113446478760803,0.08964854,0.022269974
0.029266005618162533,0.09888675,0.022330588
0.02941856475756427,0.10685911,0.022297062
0.029571123896966003,0.09973047,0.022294361
0.029723683036367732,0.10427346,0.02227587
0.029876242175769466,0.10279028,0.022242881
0.030028801315171202,0.09937181,0.022253266
0.030181360454572932,0.098911546,0.02226328
0.030333919593974662,0.09600568,0.022231722
0.030486478733376395,0.105989575,0.022231508
0.030639037872778132,0.09830559,0.02227813
0.03079159701217986,0.093513675,0.022612588
0.030944156151581595,0.10140543,0.02277675
0.031096715290983325,0.11730753,0.022995805
0.03124927443038506,0.09993498,0.023053007
0.03140183356978679,0.11076674,0.023114271
0.03155439270918852,0.10673653,0.023195509
0.03170695184859026,0.09612358,0.023293816
0.031859510987991994,0.09739787,0.023345051
0.032012070127393724,0.09767306,0.023408744
0.032164629266795454,0.09885142,0.023488903
0.032317188406197184,0.103913896,0.02354298
0.03246974754559892,0.098434545,0.023577468
0.03262230668500065,0.09423296,0.023670133
0.03277486582440239,0.10872433,0.023716843
0.03292742496380412,0.11013682,0.023769723
0.03307998410320585,0.10171933,0.023782019
0.03323254324260758,0.09343382,0.023805637
0.03338510238200931,0.09912598,0.023835637
0.03353766152141104,0.097046226,0.023934003
0.03369022066081278,0.094012626,0.0239439
0.033842779800214516,0.09782153,0.023973757
0.033995338939616246,0.10787629,0.0240279
0.034147898079017976,0.09274038,0.02406213
0.03430045721841971,0.08985071,0.0240279
0.03445301635782144,0.10384547,0.024112219
0.03460557549722317,0.09213105,0.02417074
0.03475813463662491,0.09398517,0.024202725
0.034910693776026645,0.09320882,0.024246406
0.035063252915428375,0.09692963,0.024290632
0.035215812054830105,0.107054904,0.02430948
0.03536837119423184,0.09746439,0.02430172
0.03552093033363357,0.09832765,0.024359323
0.0356734894730353,0.08505955,0.024371991
0.03582604861243704,0.09094498,0.024384761
0.035978607751838775,0.104844004,0.024439057
0.036131166891240504,0.09020442,0.024420982
0.036283726030642234,0.08796851,0.024477385
0.036436285170043964,0.08781676,0.02453869
0.0365888443094457,0.091459386,0.024996428
0.03674140344884743,0.06670719,0.025370227
0.03689396258824917,0.09236183,0.025675386
0.0370465217276509,0.092319876,0.02585397
0.037199080867052634,0.09786393,0.02604915
0.03735164000645436,0.10237216,0.026234247
0.03750419914585609,0.086649075,0.02641764
0.03765675828525783,0.09203074,0.026612658
0.037809317424659566,0.0928115,0.02685269
0.037961876564061296,0.07035755,0.026948748
0.038114435703463026,0.089433484,0.027080096
0.038266994842864756,0.079878494,0.027193433
0.03841955398226649,0.083277844,0.027407784
0.03857211312166822,0.08425375,0.02762385
0.03872467226106996,0.09560139,0.027822759
0.03887723140047169,0.08536518,0.0279285
0.039029790539873425,0.0790488,0.027989354
0.039182349679275155,0.08713697,0.028164687
0.039334908818676885,0.08303915,0.028304722
0.03948746795807862,0.0743363,0.028511122
0.03964002709748035,0.085408546,0.028697748
0.03979258623688209,0.07629242,0.028749874
0.03994514537628382,0.09108101,0.0288844
0.040097704515685555,0.09437587,0.029007638
0.040250263655087284,0.088620074,0.029114705
0.040402822794489014,0.07794066,0.02937607
0.040555381933890744,0.07370697,0.029532852
0.04070794107329248,0.07193807,0.029667534
0.04086050021269422,0.08859979,0.02975111
0.04101305935209595,0.09208603,0.029852467
0.04116561849149768,0.08688796,0.029959165
0.041318177630899414,0.085645415,0.030198993
0.04147073677030114,0.078952335,0.029904976
0.04162329590970287,0.0967958,0.029240394
0.04177585504910461,0.0982393,0.028820049
0.04192841418850635,0.08783321,0.028527325
0.042080973327908076,0.08320506,0.028333591
0.042233532467309806,0.08259821,0.0281223
0.042386091606711536,0.092942424,0.028021017
0.04253865074611327,0.08016786,0.027857762
0.042691209885515,0.079036675,0.02768172
0.04284376902491674,0.080014005,0.027661545
0.04299632816431847,0.085350044,0.027564304
0.043148887303720206,0.08317179,0.02744555
0.043301446443121935,0.09035419,0.027446298
0.043454005582523665,0.117056124,0.027314715
0.043606564721925395,0.09670829,0.027212007
0.04375912386132713,0.08517381,0.027164394
0.04391168300072887,0.09094333,0.027117305
0.0440642421401306,0.096503474,0.027085222
0.044216801279532335,0.077414416,0.02699106
0.044369360418934065,0.07564082,0.026877163
0.044521919558335794,0.068478726,0.026832646
0.044674478697737524,0.07079011,0.026778921
0.04482703783713926,0.08939265,0.026771434
0.044979596976541,0.08143488,0.026665669
0.04513215611594273,0.074206956,0.026680293
0.04528471525534446,0.074734546,0.026579702
0.045437274394746194,0.08722168,0.02655581
0.045589833534147924,0.074311845,0.026483146
0.04574239267354965,0.087438196,0.026452644
0.04589495181295139,0.0947223,0.026349176
0.04604751095235313,0.09063898,0.026300369
0.046200070091754857,0.07049554,0.026169997
0.046352629231156586,0.07142147,0.026116729
0.046505188370558316,0.0861872,0.02606562
0.04665774750996005,0.10117087,0.02602609
0.04681030664936178,0.07681062,0.025910437
0.04696286578876352,0.08060315,0.025836492
0.04711542492816525,0.09386982,0.025769949
0.047267984067566986,0.08991362,0.025678352
0.047420543206968715,0.08338431,0.025596831
0.047573102346370445,0.08658114,0.02555958
0.047725661485772175,0.09309086,0.025499834
0.04787822062517391,0.078563884,0.02543143
0.04803077976457565,0.08293002,0.025394125
0.04818333890397738,0.08086647,0.025329499
0.04833589804337911,0.072694115,0.025219956
0.048488457182780845,0.08515408,0.02518659
0.048641016322182574,0.07234828,0.025112726
0.048793575461584304,0.08436419,0.02507344
0.04894613460098604,0.09079241,0.025001686
0.04909869374038778,0.08166717,0.024942596
0.04925125287978951,0.10089535,0.024887722
0.04940381201919124,0.08981567,0.024852583
0.049556371158592974,0.075434454,0.024801452
0.049708930297994704,0.07513042,0.024741927
0.04986148943739643,0.082632385,0.024710556
0.05001404857679817,0.089007415,0.024673212
0.0501666077161999,0.08148237,0.024636444
0.05031916685560163,0.08630718,0.024624776
0.05047172599500337,0.093135744,0.02465804
0.0506242851344051,0.084033735,0.024597464
0.05077684427380683,0.07609679,0.024566028
0.05092940341320856,0.07908892,0.02451821
0.0510819625526103,0.07242407,0.024498625
0.05123452169201203,0.07304675,0.024497174
0.05138708083141376,0.081072256,0.024459746
0.05153963997081549,0.069011696,0.024472874
0.05169219911021723,0.06968432,0.024456538
0.05184475824961896,0.09531592,0.024420355
0.05199731738902069,0.07606506,0.024357185
0.05214987652842243,0.067212984,0.02434342
0.05230243566782416,0.0650289,0.024325468
0.05245499480722589,0.07044673,0.024313042
0.05260755394662762,0.06879255,0.024319358
0.05276011308602935,0.07287603,0.024250766
0.05291267222543109,0.07550594,0.02422836
0.05306523136483282,0.075510465,0.024229493
0.05321779050423456,0.07315277,0.024231143
0.05337034964363629,0.07065426,0.024180152
0.05352290878303802,0.075304516,0.024206445
0.05367546792243975,0.08167937,0.024143303
0.05382802706184148,0.08311645,0.024125386
0.05398058620124322,0.07361295,0.024084229
0.05413314534064495,0.07217599,0.02407103
0.05428570448004669,0.08262223,0.024056712
0.05443826361944842,0.07321154,0.024048207
0.05459082275885015,0.05690119,0.024000112
0.054743381898251876,0.06549897,0.02396624
0.054895941037653606,0.07505363,0.023974331
0.05504850017705534,0.08090862,0.023985818
0.05520105931645708,0.07150858,0.02393133
0.055353618455858816,0.07056307,0.023918958
0.055506177595260546,0.073706046,0.023903495
0.055658736734662276,0.07615615,0.023867901
0.055811295874064006,0.075854406,0.023857594
0.055963855013465735,0.07786803,0.023901062
0.05611641415286747,0.06885823,0.023830604
0.0562689732922692,0.079863265,0.023835087
0.056421532431670945,0.06755586,0.023791928
0.056574091571072675,0.07138807,0.023718016
0.056726650710474405,0.06145598,0.02375002
0.056879209849876135,0.07435009,0.023768036
0.057031768989277865,0.07825587,0.023737947
0.0571843281286796,0.06616423,0.023740377
0.05733688726808133,0.07192087,0.023677757
0.05748944640748306,0.06922855,0.02361641
0.057642005546884804,0.07338931,0.02361125
0.057794564686286534,0.06956566,0.023593808
0.057947123825688264,0.065813236,0.023572681
0.058099682965089994,0.06898242,0.023562798
0.05825224210449173,0.07440562,0.023566056
0.05840480124389346,0.05904674,0.023510708
0.05855736038329519,0.06478481,0.02349054
0.058709919522696934,0.062779784,0.023495603
0.05886247866209866,0.06787732,0.023468092
0.05901503780150039,0.072867684,0.023465304
0.05916759694090212,0.07593971,0.023425821
0.05932015608030386,0.07367584,0.023390422
0.05947271521970559,0.06983084,0.02339925
0.05962527435910732,0.07697702,0.023395639
0.05977783349850905,0.07738436,0.023358284
0.05993039263791079,0.068327665,0.023336632
0.06008295177731252,0.06547113,0.023317529
0.06023551091671425,0.065942205,0.02327348
0.06038807005611599,0.07069467,0.023247795
0.06054062919551772,0.06547494,0.023240553
0.06069318833491945,0.07736459,0.023259837
0.06084574747432118,0.08091557,0.02325196
0.06099830661372291,0.0745978,0.023217332
0.06115086575312465,0.078769594,0.023177598
0.06130342489252638,0.07208455,0.023136532
0.06145598403192812,0.06699878,0.023142213
0.06160854317132985,0.07725342,0.023162192
0.06176110231073158,0.07289774,0.023116354
0.06191366145013331,0.08057225,0.02309688
0.06206622058953504,0.06878029,0.023062406
0.062218779728936774,0.06978517,0.023038357
0.06237133886833851,0.068311065,0.023023695
0.06252389800774025,0.06394482,0.023024017
0.06267645714714197,0.07497806,0.022998441
0.0628290162865437,0.079213545,0.023020796
0.06298157542594544,0.07264987,0.022963211
0.06313413456534717,0.07714179,0.022955157
0.0632866937047489,0.07685921,0.022938093
0.06343925284415063,0.07755183,0.022922138
0.06359181198355238,0.07308634,0.022909062
0.0637443711229541,0.077435724,0.022892104
0.06389693026235584,0.06772724,0.022866199
0.06404948940175757,0.07533704,0.022841187
0.0642020485411593,0.0685422,0.022815559
0.06435460768056103,0.06835861,0.022795828
0.06450716681996276,0.062827125,0.022796188
0.0646597259593645,0.07817239,0.022782404
0.06481228509876623,0.06716785,0.022760926
0.06496484423816797,0.065233,0.022729237
0.0651174033775697,0.05869499,0.022747055
0.06526996251697142,0.06830969,0.022760974
0.06542252165637316,0.07663273,0.022717478
0.06557508079577488,0.07329316,0.02271244
0.06572763993517662,0.067997456,0.022660159
0.06588019907457836,0.059246317,0.02260934
0.0660327582139801,0.063584626,0.022624148
0.06618531735338183,0.0687598,0.02262659
0.06633787649278355,0.07270563,0.022605859
0.06649043563218529,0.071195565,0.022584468
0.06664299477158701,0.06439896,0.022554716
0.06679555391098875,0.06087993,0.022509063
0.06694811305039049,0.06624461,0.022525636
0.06710067218979222,0.0691751,0.022499586
0.06725323132919396,0.05111621,0.022468043
0.06740579046859568,0.060558047,0.022464737
0.06755834960799742,0.056434654,0.022478621
0.06771090874739914,0.06954854,0.022403238
0.06786346788680088,0.058751322,0.022404112
0.06801602702620262,0.068253644,0.02239799
0.06816858616560434,0.07227264,0.022430744
0.06832114530500609,0.061682697,0.022379186
0.06847370444440781,0.06019245,0.022383604
0.06862626358380955,0.056217264,0.022314114
0.06877882272321127,0.060383726,0.02232122
0.06893138186261301,0.060697637,0.02230061
0.06908394100201475,0.06127952,0.02230608
0.06923650014141647,0.057847366,0.022287589
0.06938905928081822,0.06445902,0.022266297
0.06954161842021994,0.06599129,0.022241574
0.06969417755962168,0.07219403,0.022208096
0.0698467366990234,0.06859364,0.022208244
0.06999929583842514,0.06472237,0.022176528
0.07015185497782687,0.075568035,0.022189489
0.0703044141172286,0.066576146,0.0221574
0.07045697325663033,0.07169646,0.022157045
0.07060953239603207,0.07061583,0.02211843
0.07076209153543381,0.06283872,0.022143614
0.07091465067483553,0.068068415,0.022113292
0.07106720981423727,0.06959038,0.022105677
0.071219768953639,0.061785325,0.02208878
0.07137232809304073,0.061654832,0.022066655
0.07152488723244246,0.0663005,0.022035586
0.07167744637184419,0.06671647,0.02201713
0.07183000551124594,0.061988574,0.022014104
0.07198256465064766,0.06912369,0.02199087
0.0721351237900494,0.06407421,0.021978758
0.07228768292945113,0.06348128,0.021943692
0.07244024206885286,0.07036177,0.021949347
0.07259280120825459,0.053066954,0.021906707
0.07274536034765632,0.065444954,0.021895364
0.07289791948705805,0.06175472,0.021883143
0.07305047862645979,0.052683976,0.021880753
0.07320303776586153,0.060836576,0.021882223
0.07335559690526326,0.06985118,0.02184111
0.07350815604466499,0.072151534,0.021818234
0.07366071518406672,0.063717306,0.021827932
0.07381327432346844,0.07162544,0.02179157
0.07396583346287018,0.06970249,0.021791635
0.07411839260227192,0.06447466,0.021786928
0.07427095174167365,0.067110784,0.021790544
0.07442351088107539,0.05892701,0.021755425
0.07457607002047711,0.06519161,0.02175706
0.07472862915987885,0.05635686,0.021704037
0.07488118829928057,0.059237797,0.021705229
0.07503374743868231,0.059239313,0.021688472
0.07518630657808405,0.068447314,0.021665886
0.07533886571748578,0.06768854,0.021643046
0.07549142485688752,0.063615106,0.021653464
0.07564398399628924,0.06553529,0.021634178
0.07579654313569098,0.07089977,0.021666925
0.07594910227509272,0.06136114,0.021600226
0.07610166141449444,0.06188571,0.021563739
0.07625422055389618,0.058820385,0.021553796
0.0764067796932979,0.06221387,0.021574933
0.07655933883269965,0.06410841,0.021527132
0.07671189797210137,0.06693095,0.021516701
0.07686445711150311,0.07921453,0.021516833
0.07701701625090485,0.06606907,0.02147831
0.07716957539030657,0.059786387,0.021462526
0.0773221345297083,0.06401244,0.021465808
0.07747469366911003,0.069281034,0.02145092
0.07762725280851177,0.058888324,0.021440806
0.0777798119479135,0.062363688,0.021424491
0.07793237108731524,0.06810512,0.021394355
0.07808493022671698,0.06664935,0.02137038
0.0782374893661187,0.07036457,0.021397114
0.07839004850552043,0.05779336,0.021351932
0.07854260764492216,0.061539747,0.02134497
0.0786951667843239,0.0654754,0.021375693
0.07884772592372563,0.06278518,0.021323705
0.07900028506312737,0.06420015,0.021299211
0.0791528442025291,0.06866659,0.021313315
0.07930540334193083,0.06509264,0.021292688
0.07945796248133256,0.062557705,0.021250235
0.07961052162073429,0.066189125,0.021267042
0.07976308076013602,0.062353544,0.021224223
0.07991563989953776,0.06351429,0.021197561
0.0800681990389395,0.06723005,0.021216618
0.08022075817834123,0.06805292,0.021186482
0.08037331731774296,0.06949173,0.02119163
0.0805258764571447,0.068539016,0.021187216
0.08067843559654642,0.06200676,0.021161063
0.08083099473594815,0.07244758,0.021118062
0.08098355387534989,0.06757418,0.02110341
0.08113611301475161,0.06976093,0.021102466
0.08128867215415336,0.06911189,0.021093665
0.08144123129355509,0.07145027,0.021090433
0.08159379043295682,0.07210276,0.02108255
0.08174634957235855,0.07013778,0.021042371
0.08189890871176028,0.07932644,0.021041378
0.08205146785116202,0.07449381,0.021030147
0.08220402699056374,0.0660472,0.02100321
0.08235658612996548,0.061826967,0.021008028
0.08250914526936722,0.070832975,0.021006353
0.08266170440876895,0.07282766,0.02097371
0.08281426354817067,0.06823473,0.020960666
0.08296682268757241,0.068060376,0.020960225
0.08311938182697415,0.06789973,0.020943353
0.08327194096637587,0.07535113,0.020930363
0.08342450010577761,0.06481375,0.020891672
0.08357705924517934,0.056638543,0.02087321
0.08372961838458108,0.06678373,0.020867944
0.0838821775239828,0.06648337,0.020852502
0.08403473666338454,0.06290779,0.020856073
0.08418729580278628,0.08366556,0.020862203
0.084339854942188,0.07620893,0.020813014
0.08449241408158974,0.07034495,0.020817058
0.08464497322099146,0.06808589,0.020781923
0.08479753236039321,0.07181265,0.020801876
0.08495009149979493,0.059820276,0.020770973
0.08510265063919667,0.0588276,0.020763373
0.0852552097785984,0.0618415,0.020737724
0.08540776891800013,0.056766465,0.020705093
0.08556032805740187,0.056936514,0.020725125
0.08571288719680359,0.05911568,0.020702545
0.08586544633620533,0.057277657,0.020696716
0.08601800547560706,0.06391494,0.020707736
0.0861705646150088,0.06293852,0.020677747
0.08632312375441054,0.05637765,0.020633431
0.08647568289381226,0.0748314,0.02063672
0.086628242033214,0.071995825,0.020648364
0.08678080117261572,0.073090725,0.020638257
0.08693336031201745,0.07001247,0.02060338
0.08708591945141919,0.07046407,0.02061855
0.08723847859082093,0.06307725,0.020554785
0.08739103773022266,0.07166585,0.020571452
0.08754359686962439,0.06595616,0.020568335
0.08769615600902612,0.0547339,0.02052735
0.08784871514842785,0.05151516,0.020518098
0.08800127428782958,0.058853976,0.020513803
0.08815383342723132,0.06454936,0.020472951
0.08830639256663306,0.064730234,0.020483995
0.0884589517060348,0.062693134,0.020475943
0.08861151084543652,0.06578842,0.020478643
0.08876406998483825,0.067006335,0.020454718
0.08891662912423998,0.0695312,0.020462632
0.08906918826364171,0.061952766,0.02040045
0.08922174740304345,0.06768491,0.020388573
0.08937430654244517,0.061351154,0.020394899
0.08952686568184692,0.052884866,0.020377902
0.08967942482124865,0.061782163,0.020401021
0.08983198396065038,0.0660619,0.020380545
0.0899845431000521,0.065998636,0.020342499
0.09013710223945384,0.06316335,0.020328853
0.09028966137885558,0.058977887,0.020319635
0.0904422205182573,0.06431059,0.020307964
0.09059477965765904,0.06629657,0.02028915
0.09074733879706078,0.06948258,0.020301798
0.09089989793646251,0.06412642,0.020254033
0.09105245707586423,0.05751331,0.020246124
0.09120501621526597,0.058327965,0.020238683
0.09135757535466771,0.05671921,0.02025451
0.09151013449406943,0.0610112,0.020234793
0.09166269363347117,0.068224676,0.020240683
0.09181525277287289,0.056525584,0.0202104
0.09196781191227464,0.05243666,0.020173976
0.09212037105167636,0.058196086,0.020188328
0.0922729301910781,0.0685259,0.020167394
0.09242548933047984,0.062420994,0.020159602
0.09257804846988156,0.050994713,0.020146715
0.0927306076092833,0.055278495,0.020112228
0.09288316674868502,0.049828928,0.020083224
0.09303572588808677,0.06028704,0.020096414
0.0931882850274885,0.05505837,0.02008356
0.09334084416689023,0.058496732,0.020064164
0.09349340330629197,0.059013423,0.02010296
0.09364596244569369,0.060639862,0.020051878
0.09379852158509543,0.056881104,0.020019013
0.09395108072449715,0.056231488,0.020022877
0.09410363986389889,0.057535265,0.020030228
0.09425619900330062,0.07094664,0.020024588
0.09440875814270236,0.067195095,0.02002621
0.0945613172821041,0.057700492,0.02001043
0.09471387642150582,0.052944213,0.0199601
0.09486643556090756,0.057232246,0.01995585
0.09501899470030928,0.062036064,0.019945372
0.09517155383971102,0.06180019,0.019934997
0.09532411297911275,0.065172866,0.019939503
0.09547667211851449,0.059432857,0.019922946
0.09562923125791623,0.054504406,0.019909646
0.09578179039731795,0.055811904,0.019890942
0.09593434953671968,0.05673504,0.019888137
0.09608690867612141,0.05619776,0.019869516
0.09623946781552314,0.048548914,0.019861365
0.09639202695492488,0.04915648,0.01983864
0.0965445860943266,0.05384625,0.019830987
0.09669714523372835,0.055065487,0.019824434
0.09684970437313008,0.05255778,0.019821445
0.09700226351253181,0.059660118,0.019807393
0.09715482265193354,0.061337743,0.019803815
0.09730738179133527,0.057805847,0.019795397
0.09745994093073701,0.061465215,0.019752814
0.09761250007013873,0.062380947,0.01974608
0.09776505920954047,0.062328696,0.019736834
0.0979176183489422,0.051405095,0.019741388
0.09807017748834394,0.0504437,0.019726196
0.09822273662774567,0.05971574,0.019711407
0.0983752957671474,0.05889864,0.019684196
0.09852785490654914,0.054454345,0.019657819
0.09868041404595086,0.055702023,0.019682346
0.0988329731853526,0.05359212,0.019656226
0.09898553232475434,0.05623794,0.019650785
0.09913809146415607,0.054271065,0.01965941
0.0992906506035578,0.054631133,0.019626258
0.09944320974295953,0.056955762,0.019613178
0.09959576888236127,0.062241223,0.01961056
0.09974832802176299,0.0606702,0.019592771
0.09990088716116473,0.057254065,0.019590309
0.10005344630056645,0.052182373,0.019572182
0.10020600543996819,0.052598998,0.019550534
0.10035856457936992,0.05768848,0.019535067
0.10051112371877165,0.052808043,0.01953321
0.10066368285817338,0.047523674,0.019523272
0.10081624199757513,0.051301885,0.019530972
0.10096880113697687,0.057992186,0.019528506
0.1011213602763786,0.05390838,0.019492801
0.10127391941578033,0.055589862,0.019481715
0.10142647855518205,0.058203943,0.019482628
0.10157903769458379,0.06156775,0.019478327
0.10173159683398553,0.060732793,0.01946753
0.10188415597338725,0.056154303,0.01946679
0.10203671511278899,0.06177879,0.019438574
0.10218927425219071,0.059693888,0.01940961
0.10234183339159245,0.06072041,0.0194039
0.10249439253099418,0.05683615,0.019411964
0.1026469516703959,0.052072357,0.01940238
0.10279951080979764,0.06863888,0.019406065
0.10295206994919937,0.053322684,0.01934829
0.10310462908860113,0.05745168,0.019332211
0.10325718822800285,0.05650278,0.019342322
0.10340974736740459,0.06434055,0.019349538
0.10356230650680631,0.060780745,0.019328399
0.10371486564620805,0.06318511,0.019318186
0.10386742478560979,0.060754098,0.01930256
0.10401998392501151,0.06545752,0.019271271
0.10417254306441324,0.06120679,0.019274205
0.10432510220381497,0.06413152,0.019281903
0.1044776613432167,0.073606744,0.019284679
0.10463022048261844,0.07158948,0.019265134
0.10478277962202016,0.051260177,0.019248204
0.1049353387614219,0.05327312,0.019208314
0.10508789790082362,0.06581484,0.019228842
0.10524045704022536,0.064527005,0.019216733
0.1053930161796271,0.06389605,0.01921253
0.10554557531902885,0.05344388,0.01920332
0.10569813445843057,0.055480033,0.019185659
0.10585069359783231,0.055509884,0.019143745
0.10600325273723404,0.06389423,0.019167563
0.10615581187663577,0.056283806,0.019144945
0.1063083710160375,0.05743297,0.019132335
0.10646093015543923,0.055243753,0.019133808
0.10661348929484096,0.053981993,0.019108057
0.1067660484342427,0.05818791,0.019090261
0.10691860757364442,0.06267543,0.0190901
0.10707116671304616,0.06327481,0.01909756
0.10722372585244788,0.057157025,0.0190764
0.10737628499184962,0.056089994,0.01931849
0.10752884413125136,0.061571646,0.01963456
0.10768140327065308,0.068161234,0.019830493
0.10783396241005483,0.061130628,0.020028114
0.10798652154945657,0.053937603,0.020187557
0.1081390806888583,0.05715822,0.020286152
0.10829163982826003,0.052434493,0.020363221
0.10844419896766176,0.055730477,0.02043935
0.10859675810706348,0.044846144,0.020811675
0.10874931724646522,0.05624682,0.0214021
0.10890187638586696,0.051136862,0.021807473
0.10905443552526868,0.052897006,0.022119198
0.10920699466467042,0.05507988,0.022417994
0.10935955380407214,0.0571104,0.02273292
0.10951211294347388,0.06682089,0.023030454
0.10966467208287561,0.056403134,0.023278994
0.10981723122227734,0.05133577,0.023553422
0.10996979036167907,0.053217635,0.023812545
0.1101223495010808,0.06405291,0.024096515
0.11027490864048256,0.060982585,0.024332732
0.11042746777988428,0.05907905,0.024588661
0.11058002691928602,0.054629322,0.024858927
0.11073258605868774,0.05789813,0.025088256
0.11088514519808948,0.052709784,0.02537659
0.11103770433749122,0.058092535,0.025624037
0.11119026347689294,0.05216862,0.02586699
0.11134282261629468,0.055296168,0.02611615
0.1114953817556964,0.06411608,0.02639526
0.11164794089509814,0.054970354,0.02663329
0.11180050003449987,0.066478066,0.02688128
0.1119530591739016,0.06498859,0.02702138
0.11210561831330333,0.05589415,0.027173957
0.11225817745270505,0.06632285,0.027318195
0.11241073659210679,0.05360638,0.027370337
0.11256329573150854,0.06588158,0.027516028
0.11271585487091028,0.0562554,0.027628748
0.112868414010312,0.050513413,0.027760305
0.11302097314971374,0.047932915,0.027826425
0.11317353228911547,0.043425336,0.02794701
0.1133260914285172,0.06231251,0.02805928
0.11347865056791893,0.06228461,0.028125955
0.11363120970732066,0.043979887,0.028169438
0.1137837688467224,0.057268523,0.028188389
0.11393632798612413,0.057361875,0.028256712
0.11408888712552585,0.05575004,0.028286558
0.11424144626492759,0.05206816,0.028310977
0.11439400540432931,0.047297884,0.028365314
0.11454656454373105,0.054460693,0.028414933
0.11469912368313279,0.047533575,0.028429624
0.11485168282253451,0.05988467,0.028457986
0.11500424196193626,0.04968359,0.028537259
0.115156801101338,0.047105473,0.028596317
0.11530936024073973,0.06761823,0.028725822
0.11546191938014146,0.066207625,0.028779894
0.11561447851954319,0.046344634,0.028868433
0.11576703765894492,0.04695494,0.028974887
0.11591959679834665,0.047055505,0.029072596
0.11607215593774839,0.05444029,0.029212674
0.11622471507715011,0.053336285,0.02927852
0.11637727421655185,0.05891785,0.029399162
0.11652983335595357,0.053843062,0.029529868
0.11668239249535531,0.044688445,0.029579299
0.11683495163475704,0.058022358,0.029712068
0.11698751077415877,0.04533233,0.029765576
0.1171400699135605,0.050272197,0.029885614
0.11729262905296226,0.06192871,0.029991915
0.11744518819236399,0.053360898,0.030100154
0.11759774733176571,0.05433086,0.030188758
0.11775030647116745,0.06205781,0.030336605
0.11790286561056917,0.04603638,0.03036557
0.11805542474997091,0.041974157,0.030502137
0.11820798388937265,0.066715635,0.030622868
0.11836054302877437,0.057643622,0.0307116
0.11851310216817611,0.046160303,0.030804204
0.11866566130757783,0.043531056,0.030925883
0.11881822044697957,0.04339057,0.030999096
0.1189707795863813,0.057254974,0.031122202
0.11912333872578303,0.043205768,0.031186877
0.11927589786518476,0.04478389,0.031285033
0.11942845700458649,0.055776548,0.031410273
0.11958101614398822,0.043888725,0.03151392
0.11973357528338997,0.05367378,0.031606957
0.11988613442279171,0.052861717,0.031729426
0.12003869356219343,0.044820916,0.03183362
0.12019125270159517,0.051801927,0.031935655
0.1203438118409969,0.05986649,0.032043252
0.12049637098039863,0.050457336,0.032162424
0.12064893011980037,0.033546127,0.03224262
0.12080148925920209,0.04387714,0.032346275
0.12095404839860383,0.06530394,0.032530222
0.12110660753800556,0.05907405,0.032612674
0.12125916667740728,0.06572521,0.03271295
0.12141172581680902,0.054485053,0.032767568
0.12156428495621074,0.04630663,0.032927565
0.12171684409561248,0.038638197,0.03300303
0.12186940323501422,0.06054933,0.03311713
0.12202196237441594,0.0656269,0.033249628
0.12217452151381769,0.0388328,0.033342347
0.12232708065321943,0.039016172,0.033433966
0.12247963979262116,0.046399184,0.03358174
0.12263219893202289,0.04272166,0.03368313
0.12278475807142462,0.047251947,0.03381576
0.12293731721082635,0.05237212,0.03390113
0.12308987635022808,0.04288285,0.03399301
0.12324243548962982,0.056972854,0.03414923
0.12339499462903154,0.05568425,0.034274057
0.12354755376843328,0.043734804,0.034365375
0.123700112907835,0.05339657,0.03450389
0.12385267204723674,0.056468993,0.034604613
0.12400523118663848,0.06326158,0.034719743
0.1241577903260402,0.07287726,0.03488128
0.12431034946544194,0.053019702,0.03493864
0.12446290860484369,0.062303733,0.03509153
0.12461546774424542,0.05629838,0.03520641
0.12476802688364715,0.043819398,0.035343155
0.12492058602304888,0.05187064,0.035451677
0.1250731451624506,0.0686837,0.03557426
0.12522570430185234,0.057083976,0.03569299
0.12537826344125408,0.074716166,0.035894427
0.12553082258065582,0.06824341,0.03601287
0.12568338172005752,0.06673359,0.03613181
0.12583594085945926,0.052760396,0.036229752
0.125988499998861,0.059721164,0.03641382
0.12614105913826273,0.05615871,0.03644144
0.12629361827766447,0.059416395,0.036597505
0.12644617741706618,0.0913496,0.036706384
0.12659873655646792,0.06038347,0.036830295
0.12675129569586965,0.05684293,0.036986288
0.12690385483527142,0.0554325,0.037088245
0.12705641397467313,0.06109398,0.037232913
0.12720897311407486,0.051370583,0.037446395
0.1273615322534766,0.058924295,0.037518542
0.12751409139287834,0.048043977,0.037648126
0.12766665053228007,0.051186513,0.037783694
0.12781920967168178,0.040213156,0.037948463
0.12797176881108352,0.033430163,0.03804795
0.12812432795048526,0.039299186,0.038241457
0.128276887089887,0.02270225,0.03832069
0.12842944622928873,0.029344644,0.03848123
0.12858200536869044,0.034216706,0.038664006
0.12873456450809218,0.032862097,0.03875316
0.1288871236474939,0.052395623,0.038921796
0.12903968278689565,0.049020097,0.039068986
0.12919224192629739,0.04343584,0.039201938
0.12934480106569912,0.045927018,0.039415583
0.12949736020510086,0.04197264,0.039515022
0.1296499193445026,0.039625745,0.039657645
0.12980247848390433,0.04592643,0.039858367
0.12995503762330604,0.048636608,0.039983675
0.13010759676270778,0.05170605,0.040127985
0.13026015590210951,0.033372425,0.040312484
0.13041271504151125,0.039182134,0.040444314
0.130565274180913,0.03914345,0.04061845
0.1307178333203147,0.043643255,0.04083222
0.13087039245971643,0.047618296,0.040987566
0.13102295159911817,0.052527174,0.041112114
0.1311755107385199,0.044690263,0.041351624
0.13132806987792164,0.04369106,0.04153082
0.13148062901732335,0.041369792,0.04162686
0.13163318815672512,0.04014757,0.041799106
0.13178574729612685,0.049884938,0.041960478
0.1319383064355286,0.037377473,0.042183064
0.1320908655749303,0.0363749,0.042320244
0.13224342471433204,0.03330478,0.042554397
0.13239598385373377,0.0408023,0.042699657
0.1325485429931355,0.030412558,0.042857036
0.13270110213253725,0.029482378,0.043038335
0.13285366127193896,0.033475254,0.043257333
0.1330062204113407,0.048128575,0.043411214
0.13315877955074243,0.04429074,0.043610234
0.13331133869014417,0.03663912,0.043830007
0.1334638978295459,0.038676575,0.043985162
0.1336164569689476,0.055486348,0.044342674
0.13376901610834935,0.073128946,0.044520423
0.1339215752477511,0.07178906,0.04470363
0.13407413438715285,0.07259797,0.044827256
0.13422669352655456,0.06508127,0.045023553
0.1343792526659563,0.02277415,0.045200564
0.13453181180535803,0.041821893,0.045513652
0.13468437094475977,0.0397189,0.045651384
0.1348369300841615,0.033160888,0.045843847
0.1349894892235632,0.030453011,0.04610459
0.13514204836296495,0.026039222,0.04629562
0.1352946075023667,0.0376065,0.04651201
0.13544716664176842,0.025277955,0.046780393
0.13559972578117016,0.026649661,0.046966683
0.13575228492057187,0.02358307,0.047206532
0.1359048440599736,0.043021794,0.04747826
0.13605740319937534,0.039736196,0.047739945
0.13620996233877708,0.024422705,0.047976445
0.13636252147817882,0.04758051,0.048214808
0.13651508061758055,0.026379423,0.048397753
0.1366676397569823,0.026912345,0.04868641
0.13682019889638403,0.034331363,0.04894816
0.13697275803578576,0.045806903,0.04916256
0.13712531717518747,0.030904608,0.049472593
0.1372778763145892,0.012287753,0.04972376
0.13743043545399095,0.034263995,0.049962297
0.13758299459339268,0.024942849,0.05029236
0.13773555373279442,0.03742843,0.050630134
0.13788811287219613,0.040822484,0.050850183
0.13804067201159786,0.047688324,0.051159184
0.1381932311509996,0.03784418,0.051494803
0.13834579029040134,0.051757038,0.051678017
0.13849834942980307,0.043891612,0.052027002
0.1386509085692048,0.028557703,0.052263755
0.13880346770860655,0.03293924,0.05259845
0.13895602684800828,0.015611399,0.05294905
0.13910858598741002,0.03488291,0.053197943
0.13926114512681173,0.041872725,0.0535678
0.13941370426621347,0.040984206,0.053912006
0.1395662634056152,0.029048134,0.05418325
0.13971882254501694,0.039731234,0.05458614
0.13987138168441868,0.02854155,0.054920096
0.1400239408238204,0.020613585,0.05522589
0.14017649996322212,0.0285209,0.055658095
0.14032905910262386,0.02736388,0.055978835
0.1404816182420256,0.028818665,0.056325037
0.14063417738142733,0.053954937,0.05678258
0.14078673652082904,0.038322736,0.057098225
0.14093929566023078,0.034784816,0.057492606
0.14109185479963254,0.02800608,0.057965703
0.14124441393903428,0.021712342,0.058281314
0.141396973078436,0.03051189,0.058729
0.14154953221783773,0.03159858,0.05921349
0.14170209135723946,0.038643584,0.059834894
0.1418546504966412,0.03243366,0.06006433
0.14200720963604294,0.027590945,0.06052773
0.14215976877544464,0.0231877,0.060895238
0.14231232791484638,0.04362741,0.061458934
0.14246488705424812,0.03842792,0.062083732
0.14261744619364985,0.09174943,0.062339738
0.1427700053330516,0.10269988,0.063176
