#DAT file by SAXSII - Timestamp: 09/12/2024 14:40:47
radial-q_A^-1,intensity,sigma
0.00012720999243161018,6065864.5,807.0686
0.0002797691318333428,5843349.5,524.02496
0.00043232827123507536,5586410.5,413.0232
0.000584887410636808,5243951.0,340.37985
0.0007374465500385405,4834205.5,287.97382
0.0008900056894402731,4372071.5,248.61032
0.0010425648288420058,3887002.8,216.89575
0.0011951239682437384,3404238.2,191.74553
0.001347683107645471,2918723.5,169.11037
0.0015002422470472036,2431358.0,145.64809
0.001652801386448936,1956281.6,122.79793
0.0018053605258506686,1514643.4,102.41069
0.0019579196652524016,1127796.9,84.79659
0.002110478804654134,804822.94,69.71696
0.0022630379440558668,549902.06,56.55956
0.002415597083457599,358418.0,44.227116
0.002568156222859332,221626.73,33.22213
0.0027207153622610643,133601.33,24.822191
0.0028732745016627967,78411.74,18.431902
0.0030258336410645295,45059.957,13.709724
0.003178392780466262,25127.088,10.097017
0.0033309519198679947,13555.3125,7.26539
0.003483511059269727,7005.5835,5.0701303
0.0036360701986714594,3453.8584,3.46355
0.0037886293380731927,1633.8462,2.3237557
0.003941188477474925,741.7093,1.5362881
0.004093747616876658,330.43787,1.0120476
0.004246306756278391,143.42189,0.65588605
0.004398865895680123,62.761814,0.4249879
0.004551425035081855,27.919025,0.27872705
0.004703984174483589,12.485294,0.18422437
0.004856543313885321,5.6582937,0.123749554
0.005009102453287053,2.9358714,0.08964648
0.005161661592688786,1.8592043,0.072456844
0.005314220732090518,1.3703082,0.06303229
0.005466779871492251,1.1912024,0.060071405
0.005619339010893984,1.03194,0.056566056
0.005771898150295716,0.85272336,0.053048823
0.0059244572896974485,0.8569725,0.05318229
0.006077016429099181,0.77492076,0.052129522
0.006229575568500914,0.67359614,0.050047178
0.006382134707902647,0.70132273,0.04896863
0.00653469384730438,0.62738115,0.04755275
0.006687252986706112,0.66113424,0.04756468
0.0068398121261078445,0.56617224,0.04646429
0.006992371265509577,0.5626338,0.045861337
0.00714493040491131,0.46386874,0.044096805
0.0072974895443130424,0.44746363,0.043804884
0.0074500486837147765,0.45933938,0.043815352
0.007602607823116509,0.42150238,0.04267741
0.007755166962518241,0.45005953,0.042655196
0.007907726101919975,0.39724445,0.041264456
0.008060285241321706,0.3668413,0.041156277
0.00821284438072344,0.34115887,0.04042954
0.00836540352012517,0.3145923,0.04005172
0.008517962659526904,0.2654808,0.039323978
0.008670521798928637,0.27778095,0.039222762
0.008823080938330369,0.29716712,0.038996305
0.008975640077732102,0.25892603,0.03851715
0.009128199217133834,0.28990722,0.038179018
0.009280758356535567,0.27650663,0.037913613
0.0094333174959373,0.27512676,0.03757362
0.009585876635339032,0.26758707,0.037138514
0.009738435774740765,0.24790445,0.036718775
0.009890994914142498,0.2707159,0.036876522
0.01004355405354423,0.22265872,0.035983317
0.010196113192945963,0.22158873,0.035713665
0.010348672332347694,0.21588238,0.03578163
0.010501231471749427,0.21888147,0.035403945
0.01065379061115116,0.21088187,0.03528894
0.010806349750552892,0.2076234,0.034928434
0.010958908889954625,0.17090225,0.03434681
0.011111468029356357,0.20763154,0.03435512
0.01126402716875809,0.21329227,0.034166045
0.011416586308159823,0.19757909,0.033845417
0.011569145447561555,0.1737991,0.03357641
0.011721704586963288,0.17621629,0.03322309
0.01187426372636502,0.21177372,0.03316365
0.012026822865766753,0.18476357,0.0329417
0.012179382005168486,0.16846937,0.03263347
0.012331941144570218,0.1917148,0.03240637
0.012484500283971953,0.18869379,0.03245534
0.012637059423373682,0.20427273,0.03219656
0.012789618562775416,0.20280845,0.031850986
0.012942177702177147,0.17531122,0.031659815
0.01309473684157888,0.19076085,0.031679254
0.013247295980980612,0.17773773,0.03139408
0.013399855120382345,0.17475028,0.031194272
0.013552414259784077,0.19491623,0.031017927
0.013704973399185812,0.19418755,0.03077788
0.013857532538587541,0.18151712,0.030682568
0.014010091677989276,0.15823212,0.030482132
0.014162650817391008,0.16390921,0.030279651
0.014315209956792741,0.16002306,0.030084161
0.014467769096194473,0.15712844,0.029959157
0.014620328235596206,0.1589762,0.029820789
0.01477288737499794,0.16652961,0.029613309
0.01492544651439967,0.15400831,0.029427178
0.015078005653801406,0.14081967,0.029379928
0.015230564793203137,0.12719955,0.029144028
0.01538312393260487,0.1350583,0.02909416
0.015535683072006602,0.15224157,0.028856998
0.015688242211408337,0.15573625,0.028672012
0.015840801350810067,0.15079695,0.028561281
0.0159933604902118,0.16838947,0.028497024
0.016145919629613533,0.15156473,0.028299809
0.016298478769015266,0.15139611,0.028206004
0.016451037908416996,0.15342052,0.028072061
0.01660359704781873,0.15168524,0.027993158
0.016756156187220463,0.15116087,0.027799781
0.016908715326622196,0.13230912,0.027626688
0.017061274466023926,0.12835622,0.027605172
0.017213833605425662,0.13475916,0.027475435
0.017366392744827392,0.14654884,0.027289512
0.017518951884229125,0.14964612,0.027241822
0.01767151102363086,0.14056206,0.027024657
0.017824070163032592,0.14022292,0.02698908
0.01797662930243432,0.14374125,0.026838213
0.018129188441836055,0.13019527,0.026697302
0.018281747581237788,0.13117687,0.026612436
0.01843430672063952,0.121005766,0.026447428
0.01858686586004125,0.1291269,0.026354179
0.018739424999442988,0.1338038,0.026261603
0.018891984138844718,0.121080995,0.026161265
0.01904454327824645,0.124281056,0.02610961
0.019197102417648184,0.11107129,0.025938207
0.019349661557049917,0.1358826,0.02575377
0.019502220696451647,0.1296167,0.025769984
0.019654779835853384,0.12686896,0.025647907
0.019807338975255117,0.12597948,0.0255247
0.019959898114656847,0.11915799,0.025476603
0.02011245725405858,0.1213089,0.025350228
0.020265016393460313,0.13310316,0.025247073
0.020417575532862046,0.1304871,0.025170507
0.020570134672263776,0.12812555,0.025103217
0.020722693811665513,0.12780753,0.02500416
0.020875252951067243,0.11949389,0.024839478
0.021027812090468976,0.13968611,0.024819927
0.02118037122987071,0.11589271,0.024614854
0.021332930369272442,0.10922728,0.024584427
0.021485489508674172,0.1238947,0.024490584
0.021638048648075905,0.12778321,0.024455931
0.02179060778747764,0.115956634,0.024325026
0.021943166926879372,0.11174901,0.024243042
0.0220957260662811,0.12797491,0.024148373
0.02224828520568284,0.111062594,0.02404042
0.022400844345084568,0.113919005,0.02400168
0.0225534034844863,0.101671964,0.023895878
0.022705962623888035,0.100266375,0.023855753
0.022858521763289768,0.11663751,0.023760594
0.023011080902691498,0.115322374,0.023664165
0.02316364004209323,0.11684431,0.023604179
0.023316199181494964,0.11597354,0.023479138
0.023468758320896697,0.11772347,0.023470147
0.023621317460298427,0.113912925,0.023403555
0.023773876599700164,0.09825276,0.023284765
0.023926435739101894,0.1107185,0.02319045
0.024078994878503627,0.11511619,0.023123194
0.02423155401790536,0.110849574,0.023062175
0.024384113157307093,0.12596042,0.022986498
0.024536672296708823,0.11836534,0.022956079
0.024689231436110556,0.110094406,0.022925716
0.024841790575512293,0.10006731,0.022734795
0.024994349714914023,0.104408,0.022648798
0.025146908854315753,0.09851661,0.022668952
0.02529946799371749,0.10466957,0.022556307
0.025452027133119223,0.11214817,0.02251344
0.025604586272520952,0.10219991,0.02246142
0.025757145411922686,0.11024018,0.022406556
0.025909704551324422,0.11100938,0.02228839
0.026062263690726152,0.10552493,0.022220986
0.026214822830127882,0.0915954,0.022153787
0.026367381969529615,0.10708942,0.022116715
0.026519941108931352,0.10333811,0.02204718
0.02667250024833308,0.099677056,0.021952283
0.026825059387734815,0.10213581,0.021895995
0.026977618527136545,0.12254863,0.021869095
0.02713017766653828,0.11586373,0.021798111
0.02728273680594001,0.13418005,0.021758324
0.027435295945341744,0.118545756,0.021853453
0.027587855084743474,0.10541578,0.022012364
0.02774041422414521,0.09630276,0.022060072
0.027892973363546944,0.09501175,0.02210569
0.028045532502948674,0.10708959,0.022168806
0.028198091642350404,0.1032049,0.022193603
0.02835065078175214,0.11407817,0.022302484
0.028503209921153874,0.10981526,0.022286942
0.028655769060555603,0.10925009,0.02223337
0.028808328199957337,0.093444064,0.022237014
0.028960887339359073,0.09454367,0.022233205
0.029113446478760803,0.107387505,0.022247776
0.029266005618162533,0.10236332,0.022307264
0.02941856475756427,0.09908932,0.022283923
0.029571123896966003,0.08371792,0.022224553
0.029723683036367732,0.101252615,0.022303617
0.029876242175769466,0.09135394,0.022225603
0.030028801315171202,0.09264716,0.022252372
0.030181360454572932,0.10210969,0.022273945
0.030333919593974662,0.10622607,0.022294654
0.030486478733376395,0.09258573,0.022189561
0.030639037872778132,0.09407112,0.022278558
0.03079159701217986,0.10205459,0.022602156
0.030944156151581595,0.10058734,0.02281178
0.031096715290983325,0.10009344,0.022902103
0.03124927443038506,0.103019685,0.023077415
0.03140183356978679,0.09398614,0.02310436
0.03155439270918852,0.09917001,0.023177959
0.03170695184859026,0.08911828,0.023260284
0.031859510987991994,0.098238096,0.02333305
0.032012070127393724,0.09148398,0.02340941
0.032164629266795454,0.09708284,0.02344369
0.032317188406197184,0.11775772,0.023537012
0.03246974754559892,0.115235455,0.023598488
0.03262230668500065,0.09648096,0.023667883
0.03277486582440239,0.11096416,0.023777904
0.03292742496380412,0.106078334,0.02381918
0.03307998410320585,0.08595386,0.023817416
0.03323254324260758,0.099131994,0.023866197
0.03338510238200931,0.0936294,0.023848351
0.03353766152141104,0.093920425,0.023910567
0.03369022066081278,0.08317403,0.02394973
0.033842779800214516,0.0964097,0.023976749
0.033995338939616246,0.091816396,0.024023473
0.034147898079017976,0.08340297,0.02405368
0.03430045721841971,0.09892631,0.02408378
0.03445301635782144,0.09571894,0.024140624
0.03460557549722317,0.10632803,0.024176132
0.03475813463662491,0.08451201,0.024205595
0.034910693776026645,0.099103265,0.02422836
0.035063252915428375,0.10278993,0.024254624
0.035215812054830105,0.09715917,0.024308236
0.03536837119423184,0.08608473,0.024301525
0.03552093033363357,0.08262137,0.024318272
0.0356734894730353,0.09025609,0.024357922
0.03582604861243704,0.089899205,0.024418512
0.035978607751838775,0.098613374,0.0244352
0.036131166891240504,0.08462077,0.024403753
0.036283726030642234,0.092666894,0.024433112
0.036436285170043964,0.087990955,0.02451
0.0365888443094457,0.08610088,0.025017604
0.03674140344884743,0.09624887,0.025395684
0.03689396258824917,0.07915056,0.025660623
0.0370465217276509,0.08374723,0.025898157
0.037199080867052634,0.09027786,0.02605804
0.03735164000645436,0.08013951,0.026216751
0.03750419914585609,0.06740245,0.026429947
0.03765675828525783,0.082001254,0.026645433
0.037809317424659566,0.074408606,0.026862353
0.037961876564061296,0.08380862,0.026949398
0.038114435703463026,0.08440387,0.027057955
0.038266994842864756,0.0773633,0.027179286
0.03841955398226649,0.08689382,0.027375273
0.03857211312166822,0.09322757,0.027644183
0.03872467226106996,0.08456696,0.027765462
0.03887723140047169,0.09849456,0.027962606
0.039029790539873425,0.08061865,0.028005598
0.039182349679275155,0.0808322,0.028073767
0.039334908818676885,0.07369549,0.028305572
0.03948746795807862,0.077321276,0.028520018
0.03964002709748035,0.09719099,0.028710084
0.03979258623688209,0.08782731,0.028809812
0.03994514537628382,0.080448285,0.028893838
0.040097704515685555,0.073299475,0.028965222
0.040250263655087284,0.08051563,0.029110426
0.040402822794489014,0.08436971,0.029352505
0.040555381933890744,0.09086786,0.02956915
0.04070794107329248,0.0862208,0.029650286
0.04086050021269422,0.085171916,0.029767973
0.04101305935209595,0.08125105,0.029823488
0.04116561849149768,0.07322039,0.029950395
0.041318177630899414,0.06907197,0.03016404
0.04147073677030114,0.08273986,0.030003926
0.04162329590970287,0.08315601,0.029164523
0.04177585504910461,0.083111234,0.028766604
0.04192841418850635,0.08727082,0.02855518
0.042080973327908076,0.07797609,0.028317718
0.042233532467309806,0.081601724,0.028150896
0.042386091606711536,0.07881334,0.027991794
0.04253865074611327,0.0820891,0.027906276
0.042691209885515,0.086481705,0.027739635
0.04284376902491674,0.10045125,0.027701804
0.04299632816431847,0.0889459,0.027588299
0.043148887303720206,0.11182567,0.027497182
0.043301446443121935,0.10531583,0.027416097
0.043454005582523665,0.08619139,0.027280204
0.043606564721925395,0.06809403,0.027193658
0.04375912386132713,0.08412314,0.027153652
0.04391168300072887,0.0681478,0.027054256
0.0440642421401306,0.07491222,0.027019434
0.044216801279532335,0.07780464,0.026981246
0.044369360418934065,0.07485664,0.026893454
0.044521919558335794,0.0690189,0.026840733
0.044674478697737524,0.07865192,0.026768906
0.04482703783713926,0.08134971,0.02672631
0.044979596976541,0.06862759,0.026660273
0.04513215611594273,0.08328152,0.026686046
0.04528471525534446,0.081346184,0.026588067
0.045437274394746194,0.07043728,0.026503794
0.045589833534147924,0.07626314,0.026469193
0.04574239267354965,0.07927617,0.02643044
0.04589495181295139,0.073511295,0.026352342
0.04604751095235313,0.07919087,0.02627997
0.046200070091754857,0.077789575,0.02615943
0.046352629231156586,0.07269405,0.026081316
0.046505188370558316,0.07176696,0.026052438
0.04665774750996005,0.078330725,0.025991928
0.04681030664936178,0.074046835,0.025886316
0.04696286578876352,0.07929471,0.025842417
0.04711542492816525,0.07983904,0.025748786
0.047267984067566986,0.07209518,0.02565615
0.047420543206968715,0.07993586,0.025592038
0.047573102346370445,0.09564217,0.02556368
0.047725661485772175,0.099939056,0.025521873
0.04787822062517391,0.0961547,0.02546843
0.04803077976457565,0.08527499,0.025401676
0.04818333890397738,0.0788715,0.02528201
0.04833589804337911,0.07236012,0.025231753
0.048488457182780845,0.093076564,0.025189228
0.048641016322182574,0.0861943,0.025140854
0.048793575461584304,0.0831478,0.02514128
0.04894613460098604,0.08171133,0.025033059
0.04909869374038778,0.074215844,0.024924764
0.04925125287978951,0.0829143,0.024862505
0.04940381201919124,0.07513036,0.024815924
0.049556371158592974,0.08493839,0.024772245
0.049708930297994704,0.0728116,0.024723582
0.04986148943739643,0.063189164,0.024711
0.05001404857679817,0.075823635,0.024634361
0.0501666077161999,0.08098362,0.02461989
0.05031916685560163,0.08375081,0.024624363
0.05047172599500337,0.07744342,0.02462381
0.0506242851344051,0.07116006,0.024566635
0.05077684427380683,0.070848644,0.024568165
0.05092940341320856,0.076890804,0.02455723
0.0510819625526103,0.07606484,0.02449772
0.05123452169201203,0.07224773,0.024483765
0.05138708083141376,0.07754836,0.024479344
0.05153963997081549,0.07571735,0.024446387
0.05169219911021723,0.06630725,0.024437845
0.05184475824961896,0.07635679,0.024405241
0.05199731738902069,0.07939918,0.024362983
0.05214987652842243,0.086942576,0.024389146
0.05230243566782416,0.076476686,0.024356915
0.05245499480722589,0.073296584,0.024317538
0.05260755394662762,0.06854399,0.02430694
0.05276011308602935,0.07355236,0.024261141
0.05291267222543109,0.075457126,0.024237135
0.05306523136483282,0.0797033,0.024247827
0.05321779050423456,0.06837953,0.02423217
0.05337034964363629,0.07902616,0.024201151
0.05352290878303802,0.084698446,0.024191324
0.05367546792243975,0.09401072,0.02419376
0.05382802706184148,0.084442966,0.024104455
0.05398058620124322,0.07367079,0.024122974
0.05413314534064495,0.07622182,0.024094274
0.05428570448004669,0.08421445,0.02407688
0.05443826361944842,0.07756351,0.024070673
0.05459082275885015,0.0676774,0.02404971
0.054743381898251876,0.07849579,0.023983032
0.054895941037653606,0.08528401,0.023986423
0.05504850017705534,0.070837885,0.023966607
0.05520105931645708,0.07114937,0.02392671
0.055353618455858816,0.07213857,0.023947814
0.055506177595260546,0.07225257,0.023909586
0.055658736734662276,0.07286638,0.023840033
0.055811295874064006,0.07294206,0.023834063
0.055963855013465735,0.068966225,0.023844227
0.05611641415286747,0.07323815,0.023823006
0.0562689732922692,0.07515876,0.023800917
0.056421532431670945,0.07830013,0.023774777
0.056574091571072675,0.07178361,0.023751957
0.056726650710474405,0.07154901,0.023733497
0.056879209849876135,0.071172185,0.023721887
0.057031768989277865,0.07524785,0.023697264
0.0571843281286796,0.06691022,0.023693396
0.05733688726808133,0.071223415,0.023670578
0.05748944640748306,0.058994867,0.02361823
0.057642005546884804,0.06601393,0.023613077
0.057794564686286534,0.065234266,0.023594996
0.057947123825688264,0.06644329,0.023585215
0.058099682965089994,0.07597479,0.023578642
0.05825224210449173,0.07299972,0.023574045
0.05840480124389346,0.07557998,0.023544792
0.05855736038329519,0.07052805,0.023488883
0.058709919522696934,0.07403505,0.0235147
0.05886247866209866,0.06513872,0.023462167
0.05901503780150039,0.06894848,0.023451045
0.05916759694090212,0.077877924,0.023437545
0.05932015608030386,0.06475695,0.023377212
0.05947271521970559,0.06872201,0.023384523
0.05962527435910732,0.07436776,0.023399778
0.05977783349850905,0.07020464,0.02333778
0.05993039263791079,0.0790616,0.023356115
0.06008295177731252,0.069803946,0.023351576
0.06023551091671425,0.06281586,0.023302237
0.06038807005611599,0.057662345,0.023246303
0.06054062919551772,0.063798,0.023254588
0.06069318833491945,0.06216458,0.023245197
0.06084574747432118,0.06785094,0.023213338
0.06099830661372291,0.06371933,0.023215652
0.06115086575312465,0.06899105,0.023185814
0.06130342489252638,0.06790757,0.02315359
0.06145598403192812,0.06326762,0.023150602
0.06160854317132985,0.06344847,0.023151455
0.06176110231073158,0.065460876,0.023093924
0.06191366145013331,0.060961887,0.023099814
0.06206622058953504,0.06939433,0.023048913
0.062218779728936774,0.072073795,0.023040947
0.06237133886833851,0.069371976,0.023027616
0.06252389800774025,0.06965511,0.023031322
0.06267645714714197,0.068024576,0.023025272
0.0628290162865437,0.0641286,0.022999814
0.06298157542594544,0.0758735,0.02297296
0.06313413456534717,0.076593265,0.022920448
0.0632866937047489,0.07050741,0.02292066
0.06343925284415063,0.059068084,0.022927387
0.06359181198355238,0.061241258,0.022901654
0.0637443711229541,0.065520436,0.022888914
0.06389693026235584,0.07253527,0.02287081
0.06404948940175757,0.061909214,0.022822138
0.0642020485411593,0.06966001,0.022846771
0.06435460768056103,0.07472222,0.022824809
0.06450716681996276,0.07815613,0.022832958
0.0646597259593645,0.07122685,0.022800086
0.06481228509876623,0.0685475,0.022761034
0.06496484423816797,0.06398345,0.022715164
0.0651174033775697,0.06894087,0.02271911
0.06526996251697142,0.074155115,0.02270755
0.06542252165637316,0.06327914,0.02269935
0.06557508079577488,0.06519962,0.022686344
0.06572763993517662,0.07694854,0.022682752
0.06588019907457836,0.07664677,0.022622
0.0660327582139801,0.06898739,0.02259943
0.06618531735338183,0.06636022,0.022591058
0.06633787649278355,0.0774272,0.022598613
0.06649043563218529,0.066647634,0.022608977
0.06664299477158701,0.06438215,0.02255763
0.06679555391098875,0.059597574,0.022511205
0.06694811305039049,0.061949015,0.022505702
0.06710067218979222,0.07461257,0.02254281
0.06725323132919396,0.07497263,0.022493081
0.06740579046859568,0.07359334,0.022506652
0.06755834960799742,0.06816982,0.022463677
0.06771090874739914,0.075310566,0.0224327
0.06786346788680088,0.05397144,0.022419319
0.06801602702620262,0.06348259,0.022428887
0.06816858616560434,0.06737175,0.022384321
0.06832114530500609,0.061669923,0.02240437
0.06847370444440781,0.06233954,0.022370955
0.06862626358380955,0.06594135,0.022319553
0.06877882272321127,0.049641468,0.022322278
0.06893138186261301,0.06619271,0.022317942
0.06908394100201475,0.0660535,0.022327516
0.06923650014141647,0.06408325,0.022276074
0.06938905928081822,0.07194855,0.022258574
0.06954161842021994,0.07589024,0.022255141
0.06969417755962168,0.06601526,0.022217074
0.0698467366990234,0.06336194,0.022219101
0.06999929583842514,0.064545974,0.022192793
0.07015185497782687,0.075267546,0.022217352
0.0703044141172286,0.059287537,0.022162812
0.07045697325663033,0.062242292,0.02214814
0.07060953239603207,0.07723309,0.022101445
0.07076209153543381,0.073813476,0.022104064
0.07091465067483553,0.07796743,0.022131098
0.07106720981423727,0.069731355,0.022087026
0.071219768953639,0.070151895,0.022073867
0.07137232809304073,0.07658175,0.022060256
0.07152488723244246,0.060765766,0.022014625
0.07167744637184419,0.057459947,0.022005524
0.07183000551124594,0.074437395,0.022018835
0.07198256465064766,0.07983973,0.02201321
0.0721351237900494,0.054384183,0.021977179
0.07228768292945113,0.057357978,0.02193987
0.07244024206885286,0.062371157,0.021935595
0.07259280120825459,0.049857333,0.021916877
0.07274536034765632,0.061542373,0.021944059
0.07289791948705805,0.06371525,0.021895794
0.07305047862645979,0.06976861,0.021931952
0.07320303776586153,0.06498505,0.021877155
0.07335559690526326,0.07635943,0.021841422
0.07350815604466499,0.07134893,0.021846663
0.07366071518406672,0.075690344,0.021831237
0.07381327432346844,0.073484965,0.021868154
0.07396583346287018,0.062947884,0.021783084
0.07411839260227192,0.067539886,0.021777276
0.07427095174167365,0.05410679,0.021740071
0.07442351088107539,0.06995142,0.021736523
0.07457607002047711,0.06644171,0.021743909
0.07472862915987885,0.06457728,0.021728244
0.07488118829928057,0.068882905,0.021727253
0.07503374743868231,0.06731736,0.021715006
0.07518630657808405,0.06553647,0.021639913
0.07533886571748578,0.056550454,0.021634478
0.07549142485688752,0.06593916,0.021663573
0.07564398399628924,0.06274801,0.021653851
0.07579654313569098,0.06893216,0.021633733
0.07594910227509272,0.060412984,0.021600906
0.07610166141449444,0.052811116,0.02156089
0.07625422055389618,0.06396055,0.02157942
0.0764067796932979,0.06701991,0.021563116
0.07655933883269965,0.06566063,0.021549439
0.07671189797210137,0.05343141,0.021532642
0.07686445711150311,0.063267864,0.021550884
0.07701701625090485,0.06532432,0.021487132
0.07716957539030657,0.065243445,0.021464165
0.0773221345297083,0.067451954,0.021465348
0.07747469366911003,0.07102591,0.021453602
0.07762725280851177,0.06665661,0.021450458
0.0777798119479135,0.06504805,0.021414014
0.07793237108731524,0.060409654,0.021385599
0.07808493022671698,0.060235456,0.021355163
0.0782374893661187,0.065040424,0.021385048
0.07839004850552043,0.05865328,0.021368712
0.07854260764492216,0.0626898,0.021363677
0.0786951667843239,0.06015069,0.021359026
0.07884772592372563,0.06765826,0.021312928
0.07900028506312737,0.07309188,0.021290371
0.0791528442025291,0.06965512,0.021286074
0.07930540334193083,0.06643919,0.02129673
0.07945796248133256,0.056905106,0.021277385
0.07961052162073429,0.060546298,0.021256668
0.07976308076013602,0.060793027,0.021207867
0.07991563989953776,0.07371631,0.021215279
0.0800681990389395,0.07427175,0.021198949
0.08022075817834123,0.06272188,0.021184212
0.08037331731774296,0.060473762,0.021184174
0.0805258764571447,0.05845698,0.021186804
0.08067843559654642,0.067553625,0.021145822
0.08083099473594815,0.06920716,0.021115633
0.08098355387534989,0.070706874,0.021119151
0.08113611301475161,0.06646932,0.02113233
0.08128867215415336,0.06727034,0.021100003
0.08144123129355509,0.06574731,0.021103375
0.08159379043295682,0.06321383,0.021065269
0.08174634957235855,0.067627884,0.0210562
0.08189890871176028,0.05899988,0.021021012
0.08205146785116202,0.054830473,0.021025099
0.08220402699056374,0.06307405,0.02101304
0.08235658612996548,0.06689804,0.02099868
0.08250914526936722,0.06462707,0.020974837
0.08266170440876895,0.06376617,0.020951295
0.08281426354817067,0.061337654,0.02094682
0.08296682268757241,0.06923078,0.020949049
0.08311938182697415,0.065312274,0.020931946
0.08327194096637587,0.057671044,0.020925632
0.08342450010577761,0.061161976,0.020891678
0.08357705924517934,0.065929845,0.020878132
0.08372961838458108,0.066218324,0.020878674
0.0838821775239828,0.07716188,0.02087629
0.08403473666338454,0.07548452,0.020864235
0.08418729580278628,0.062917724,0.020856136
0.084339854942188,0.068242095,0.02082554
0.08449241408158974,0.06583897,0.02079714
0.08464497322099146,0.066856265,0.02081151
0.08479753236039321,0.06630382,0.02080165
0.08495009149979493,0.06704007,0.020778626
0.08510265063919667,0.07188383,0.02076267
0.0852552097785984,0.06895919,0.020757692
0.08540776891800013,0.06614907,0.020720607
0.08556032805740187,0.06373581,0.020691756
0.08571288719680359,0.056092635,0.02070276
0.08586544633620533,0.05318592,0.02067818
0.08601800547560706,0.056795493,0.020691978
0.0861705646150088,0.0522881,0.020671016
0.08632312375441054,0.055892814,0.020626914
0.08647568289381226,0.05947816,0.02061926
0.086628242033214,0.068599425,0.020660205
0.08678080117261572,0.06648915,0.020628218
0.08693336031201745,0.06551535,0.02062936
0.08708591945141919,0.053868506,0.020593954
0.08723847859082093,0.052509774,0.020575915
0.08739103773022266,0.05001163,0.020550502
0.08754359686962439,0.05620227,0.0205602
0.08769615600902612,0.054929078,0.020546056
0.08784871514842785,0.061008092,0.020526301
0.08800127428782958,0.062621884,0.020533757
0.08815383342723132,0.05740373,0.020501591
0.08830639256663306,0.062117923,0.020477658
0.0884589517060348,0.06285324,0.02047526
0.08861151084543652,0.060574573,0.02049047
0.08876406998483825,0.06363835,0.020454204
0.08891662912423998,0.066860735,0.02045477
0.08906918826364171,0.069928184,0.020413954
0.08922174740304345,0.063935064,0.020398315
0.08937430654244517,0.06608541,0.020406777
0.08952686568184692,0.06589006,0.02037806
0.08967942482124865,0.061875496,0.020381523
0.08983198396065038,0.06822283,0.02038962
0.0899845431000521,0.07378468,0.020357449
0.09013710223945384,0.06594725,0.020327976
0.09028966137885558,0.057657346,0.02032213
0.0904422205182573,0.06352665,0.020321479
0.09059477965765904,0.07804785,0.020308219
0.09074733879706078,0.07395681,0.020310834
0.09089989793646251,0.07419377,0.020268124
0.09105245707586423,0.066616446,0.020251477
0.09120501621526597,0.06783355,0.020257114
0.09135757535466771,0.06301142,0.020251786
0.09151013449406943,0.06406401,0.020245293
0.09166269363347117,0.06525833,0.020225836
0.09181525277287289,0.05636883,0.020202972
0.09196781191227464,0.06063759,0.020171206
0.09212037105167636,0.054835845,0.020189885
0.0922729301910781,0.059056904,0.020158991
0.09242548933047984,0.058918964,0.020176604
0.09257804846988156,0.0711372,0.02015234
0.0927306076092833,0.06572491,0.020129558
0.09288316674868502,0.064496905,0.020096049
0.09303572588808677,0.06537375,0.02009708
0.0931882850274885,0.05167398,0.020103527
0.09334084416689023,0.059278768,0.020093383
0.09349340330629197,0.052968573,0.02006934
0.09364596244569369,0.06744582,0.020058734
0.09379852158509543,0.069525294,0.020024875
0.09395108072449715,0.06613021,0.020041447
0.09410363986389889,0.06212991,0.020038875
0.09425619900330062,0.05983607,0.019999767
0.09440875814270236,0.05831413,0.020001741
0.0945613172821041,0.06303061,0.01999748
0.09471387642150582,0.06366089,0.019957047
0.09486643556090756,0.068904795,0.01999178
0.09501899470030928,0.0662973,0.019942183
0.09517155383971102,0.074743696,0.019930096
0.09532411297911275,0.06739522,0.019952025
0.09547667211851449,0.061389297,0.019913506
0.09562923125791623,0.068483345,0.0199069
0.09578179039731795,0.055241823,0.019892115
0.09593434953671968,0.057140626,0.019888572
0.09608690867612141,0.061656255,0.019875217
0.09623946781552314,0.07144791,0.019891798
0.09639202695492488,0.0643378,0.019843196
0.0965445860943266,0.06492013,0.01981755
0.09669714523372835,0.058810964,0.019824782
0.09684970437313008,0.062055413,0.019846067
0.09700226351253181,0.06226596,0.019805115
0.09715482265193354,0.0780077,0.01983001
0.09730738179133527,0.06622586,0.019806312
0.09745994093073701,0.06582243,0.019767605
0.09761250007013873,0.07020789,0.019785738
0.09776505920954047,0.06305622,0.019752933
0.0979176183489422,0.05644389,0.019726917
0.09807017748834394,0.054092783,0.019717537
0.09822273662774567,0.056954645,0.019711765
0.0983752957671474,0.056051735,0.019674119
0.09852785490654914,0.056819648,0.019671246
0.09868041404595086,0.052560396,0.01969216
0.0988329731853526,0.049479652,0.019677328
0.09898553232475434,0.05925165,0.019661682
0.09913809146415607,0.059230693,0.019655129
0.0992906506035578,0.056544695,0.019614784
0.09944320974295953,0.063798964,0.019614697
0.09959576888236127,0.060455,0.019597499
0.09974832802176299,0.060313344,0.019591264
0.09990088716116473,0.0573728,0.019594535
0.10005344630056645,0.05837317,0.019581089
0.10020600543996819,0.06994264,0.01955965
0.10035856457936992,0.070448406,0.019548273
0.10051112371877165,0.06684366,0.019558284
0.10066368285817338,0.06556453,0.019533396
0.10081624199757513,0.06065851,0.019543612
0.10096880113697687,0.05107832,0.019522002
0.1011213602763786,0.05820955,0.01948244
0.10127391941578033,0.064101264,0.019472552
0.10142647855518205,0.052580114,0.019463183
0.10157903769458379,0.05963213,0.019471057
0.10173159683398553,0.061439604,0.019462207
0.10188415597338725,0.06355139,0.019452618
0.10203671511278899,0.061838187,0.019432535
0.10218927425219071,0.05781096,0.019411327
0.10234183339159245,0.06710427,0.019409224
0.10249439253099418,0.064167656,0.019429374
0.1026469516703959,0.06538683,0.019388974
0.10279951080979764,0.06169204,0.01942267
0.10295206994919937,0.05355645,0.019353708
0.10310462908860113,0.061773203,0.019332265
0.10325718822800285,0.056155,0.019349914
0.10340974736740459,0.055192053,0.019335551
0.10356230650680631,0.062281467,0.019332785
0.10371486564620805,0.061016463,0.019314967
0.10386742478560979,0.059223402,0.019318173
0.10401998392501151,0.056807656,0.01928026
0.10417254306441324,0.04635457,0.019275919
0.10432510220381497,0.04629734,0.01927181
0.1044776613432167,0.053990588,0.019256132
0.10463022048261844,0.04954154,0.019251836
0.10478277962202016,0.061103474,0.019250602
0.1049353387614219,0.050542377,0.019215079
0.10508789790082362,0.04785673,0.019220907
0.10524045704022536,0.060768194,0.019209672
0.1053930161796271,0.06872189,0.0192197
0.10554557531902885,0.059509315,0.01920127
0.10569813445843057,0.06650733,0.019194804
0.10585069359783231,0.050268732,0.019138034
0.10600325273723404,0.050231792,0.019152418
0.10615581187663577,0.05801877,0.01914809
0.1063083710160375,0.055888213,0.019140664
0.10646093015543923,0.06407545,0.01914179
0.10661348929484096,0.064125076,0.01912425
0.1067660484342427,0.056695174,0.019082317
0.10691860757364442,0.061634686,0.01909781
0.10707116671304616,0.056524973,0.019088617
0.10722372585244788,0.060987975,0.01907651
0.10737628499184962,0.064363256,0.019330457
0.10752884413125136,0.05746426,0.019640883
0.10768140327065308,0.062666506,0.019824043
0.10783396241005483,0.063491665,0.020048074
0.10798652154945657,0.061866127,0.020197043
0.1081390806888583,0.05228786,0.020297002
0.10829163982826003,0.05967474,0.0203757
0.10844419896766176,0.060267128,0.02043192
0.10859675810706348,0.05461257,0.020826371
0.10874931724646522,0.057617884,0.021399722
0.10890187638586696,0.054418508,0.02177139
0.10905443552526868,0.04994638,0.022121135
0.10920699466467042,0.056403596,0.022427203
0.10935955380407214,0.061645184,0.02272698
0.10951211294347388,0.04620149,0.022993589
0.10966467208287561,0.04776951,0.023263989
0.10981723122227734,0.054760914,0.023560287
0.10996979036167907,0.05951721,0.023833118
0.1101223495010808,0.059088614,0.024086094
0.11027490864048256,0.051863547,0.024338376
0.11042746777988428,0.050022375,0.024574004
0.11058002691928602,0.07322584,0.024834046
0.11073258605868774,9.375111,0.09317894
0.11088514519808948,0.19401513,0.025393423
0.11103770433749122,0.056446724,0.025609897
0.11119026347689294,0.06530532,0.025886308
0.11134282261629468,0.048108492,0.026133634
0.1114953817556964,0.06171495,0.026435573
0.11164794089509814,0.055566285,0.026626393
0.11180050003449987,0.04701925,0.026824463
0.1119530591739016,0.04704198,0.02700332
0.11210561831330333,0.064035624,0.027175216
0.11225817745270505,0.057402827,0.02730445
0.11241073659210679,0.055237357,0.027407702
0.11256329573150854,0.05483138,0.02750491
0.11271585487091028,0.05835565,0.027633656
0.112868414010312,0.046420015,0.027724372
0.11302097314971374,0.05525929,0.027859338
0.11317353228911547,0.03813637,0.027935868
0.1133260914285172,0.047982875,0.028077096
0.11347865056791893,0.07884588,0.02812409
0.11363120970732066,0.07070335,0.02815776
0.1137837688467224,0.077671684,0.02821177
0.11393632798612413,0.06512537,0.028254723
0.11408888712552585,0.051215235,0.028252019
0.11424144626492759,0.06196242,0.028300714
0.11439400540432931,0.06387446,0.028385077
0.11454656454373105,0.04917961,0.028409345
0.11469912368313279,0.053213518,0.028418766
0.11485168282253451,0.048233256,0.02848426
0.11500424196193626,0.043555584,0.028510546
0.115156801101338,0.04629316,0.028587501
0.11530936024073973,0.054806355,0.02873405
0.11546191938014146,0.061845843,0.028776402
0.11561447851954319,0.05041548,0.028881863
0.11576703765894492,0.05180042,0.028961496
0.11591959679834665,0.054706838,0.029137447
0.11607215593774839,0.059803933,0.029230114
0.11622471507715011,0.058983568,0.02930297
0.11637727421655185,0.06602999,0.029408181
0.11652983335595357,0.064953856,0.029509522
0.11668239249535531,0.06209789,0.029582843
0.11683495163475704,0.08073557,0.029718727
0.11698751077415877,0.05518058,0.029788831
0.1171400699135605,0.05416324,0.029906651
0.11729262905296226,0.057641715,0.03005047
0.11744518819236399,0.052446738,0.030067163
0.11759774733176571,0.07886944,0.030183416
0.11775030647116745,0.04845831,0.03030459
0.11790286561056917,0.042417176,0.030376107
0.11805542474997091,0.058820024,0.030521747
0.11820798388937265,0.051168967,0.030661376
0.11836054302877437,0.0419345,0.030676406
0.11851310216817611,0.037634064,0.030780373
0.11866566130757783,0.045153383,0.030917356
0.11881822044697957,0.054241132,0.0309915
0.1189707795863813,0.055242434,0.031158319
0.11912333872578303,0.050313376,0.031186905
0.11927589786518476,0.05482802,0.031311475
0.11942845700458649,0.05224858,0.031423632
0.11958101614398822,0.057298407,0.031558868
0.11973357528338997,0.068836465,0.03163555
0.11988613442279171,0.05333479,0.031735715
0.12003869356219343,0.04198275,0.031807367
0.12019125270159517,0.053540267,0.03195644
0.1203438118409969,0.06328261,0.032048102
0.12049637098039863,0.06194362,0.032124717
0.12064893011980037,0.069490604,0.032331347
0.12080148925920209,0.0642421,0.032389916
0.12095404839860383,0.0651393,0.03247606
0.12110660753800556,0.041500933,0.032577004
0.12125916667740728,0.048342757,0.03266899
0.12141172581680902,0.051181264,0.03277509
0.12156428495621074,0.04520771,0.032930814
0.12171684409561248,0.037376564,0.032990728
0.12186940323501422,0.036543064,0.0330962
0.12202196237441594,0.03901075,0.03322161
0.12217452151381769,0.03985758,0.03331913
0.12232708065321943,0.042388886,0.033431493
0.12247963979262116,0.056462947,0.033591133
0.12263219893202289,0.04660812,0.033680797
0.12278475807142462,0.036608186,0.033811525
0.12293731721082635,0.048664086,0.03391348
0.12308987635022808,0.050138213,0.033995345
0.12324243548962982,0.042634796,0.034138788
0.12339499462903154,0.047374256,0.034238186
0.12354755376843328,0.044169486,0.034338906
0.123700112907835,0.032036923,0.03448231
0.12385267204723674,0.05263502,0.03468839
0.12400523118663848,0.05266884,0.034698147
0.1241577903260402,0.05468494,0.034844033
0.12431034946544194,0.035299286,0.034937885
0.12446290860484369,0.043141034,0.03508232
0.12461546774424542,0.055265393,0.03523128
0.12476802688364715,0.05250424,0.035325408
0.12492058602304888,0.053815935,0.03542679
0.1250731451624506,0.05385725,0.03566532
0.12522570430185234,0.054018956,0.035681743
0.12537826344125408,0.040618133,0.03580407
0.12553082258065582,0.036173232,0.03594408
0.12568338172005752,0.033972956,0.036036797
0.12583594085945926,0.03715812,0.036178377
0.125988499998861,0.035048723,0.036338758
0.12614105913826273,0.039096132,0.036459174
0.12629361827766447,0.037464004,0.036612626
0.12644617741706618,0.04062649,0.03672685
0.12659873655646792,0.04460129,0.03683856
0.12675129569586965,0.04914117,0.036965553
0.12690385483527142,0.05462444,0.037088245
0.12705641397467313,0.04115424,0.03721589
0.12720897311407486,0.051735625,0.037403982
0.1273615322534766,0.059581377,0.037505936
0.12751409139287834,0.034470215,0.037696525
0.12766665053228007,0.042279176,0.03778395
0.12781920967168178,0.041999158,0.037920054
0.12797176881108352,0.043316983,0.038055852
0.12812432795048526,0.03934904,0.03825246
0.128276887089887,0.053598996,0.0383346
0.12842944622928873,0.05025454,0.038572982
0.12858200536869044,0.037747335,0.03865001
0.12873456450809218,0.042945158,0.03875316
0.1288871236474939,0.05189574,0.038921796
0.12903968278689565,0.051419403,0.039068986
0.12919224192629739,0.036494806,0.039219752
0.12934480106569912,0.038922258,0.03938597
0.12949736020510086,0.027692694,0.039515022
0.1296499193445026,0.02972764,0.039657645
0.12980247848390433,0.041631598,0.03983848
0.12995503762330604,0.048875622,0.039972294
0.13010759676270778,0.037562523,0.04018549
0.13026015590210951,0.034250043,0.040312484
0.13041271504151125,0.036305897,0.040462896
0.130565274180913,0.052334934,0.040688377
0.1307178333203147,0.04143272,0.04084498
0.13087039245971643,0.04144184,0.04099476
0.13102295159911817,0.057818163,0.041145347
0.1311755107385199,0.04026639,0.04135134
0.13132806987792164,0.04456693,0.041470207
0.13148062901732335,0.053448148,0.041642774
0.13163318815672512,0.051296793,0.041850764
0.13178574729612685,0.045502417,0.041991074
0.1319383064355286,0.04313459,0.042163122
0.1320908655749303,0.04586347,0.042320244
0.13224342471433204,0.04325884,0.042485088
0.13239598385373377,0.022018498,0.042699587
0.1325485429931355,0.028494813,0.042857036
0.13270110213253725,0.028262464,0.043038335
0.13285366127193896,0.021288805,0.043257333
0.1330062204113407,0.036985036,0.043411214
0.13315877955074243,0.04149868,0.043668725
0.13331133869014417,0.0365857,0.043833923
0.1334638978295459,0.043073624,0.044043195
0.1336164569689476,0.037254706,0.04420392
0.13376901610834935,0.047725286,0.044506554
0.1339215752477511,0.038458932,0.04458725
0.13407413438715285,0.046468187,0.044814955
0.13422669352655456,0.05420178,0.04510692
0.1343792526659563,0.050148536,0.045200575
0.13453181180535803,0.059663232,0.04544969
0.13468437094475977,0.04635419,0.045725945
0.1348369300841615,0.034093086,0.045844547
0.1349894892235632,0.04616069,0.04610459
0.13514204836296495,0.038601175,0.04629562
0.1352946075023667,0.032220803,0.04651201
0.13544716664176842,0.031382747,0.046780393
0.13559972578117016,0.037014913,0.046966683
0.13575228492057187,0.0374419,0.047206532
0.1359048440599736,0.03868806,0.04747826
0.13605740319937534,0.043205682,0.047665905
0.13620996233877708,0.04367057,0.048029833
0.13636252147817882,0.031625725,0.048200443
0.13651508061758055,0.025420759,0.048397753
0.1366676397569823,0.034357466,0.04871829
0.13682019889638403,0.032670144,0.048972838
0.13697275803578576,0.040750355,0.04916256
0.13712531717518747,0.022924287,0.049472593
0.1372778763145892,0.026946226,0.04973242
0.13743043545399095,0.025556015,0.050026946
0.13758299459339268,0.038472645,0.05029077
0.13773555373279442,0.039511543,0.05053185
0.13788811287219613,0.022416137,0.050799362
0.13804067201159786,0.02681468,0.051141646
0.1381932311509996,0.03969141,0.051377553
0.13834579029040134,0.023507018,0.051677592
0.13849834942980307,0.048765168,0.052027278
0.1386509085692048,0.03685865,0.052389868
0.13880346770860655,0.043676183,0.052598454
0.13895602684800828,0.030911556,0.05294905
0.13910858598741002,0.015958596,0.053197943
0.13926114512681173,0.021212263,0.0535678
0.13941370426621347,0.016263623,0.053912006
0.1395662634056152,0.030029178,0.05418325
0.13971882254501694,0.03876156,0.05458614
0.13987138168441868,0.03404032,0.054920096
0.1400239408238204,0.034373134,0.05522589
0.14017649996322212,0.025964174,0.055658102
0.14032905910262386,0.02334118,0.05613765
0.1404816182420256,0.016169362,0.056325153
0.14063417738142733,0.021842325,0.05680817
0.14078673652082904,0.034541897,0.05716761
0.14093929566023078,0.032098148,0.057492606
0.14109185479963254,0.032426354,0.057966292
0.14124441393903428,0.020734495,0.058452513
0.141396973078436,0.013919945,0.058729
0.14154953221783773,0.05617262,0.059213378
0.14170209135723946,0.04586351,0.059641387
0.1418546504966412,0.0356049,0.060064312
0.14200720963604294,0.03012715,0.06052773
0.14215976877544464,0.03940435,0.060946498
0.14231232791484638,0.024815816,0.06151266
0.14246488705424812,0.028645236,0.061924353
0.14261744619364985,0.031722695,0.06233962
0.1427700053330516,0.015946014,0.06295047
