#DAT file by SAXSII - Timestamp: 09/12/2024 14:40:47
radial-q_A^-1,intensity,sigma
0.00012720999243161018,6608943.0,842.7662
0.0002797691318333428,6350865.5,546.1651
0.00043232827123507536,6065882.5,430.0517
0.000584887410636808,5682039.5,354.0502
0.0007374465500385405,5213031.0,299.04214
0.0008900056894402731,4681951.0,257.5507
0.0010425648288420058,4119271.0,223.5063
0.0011951239682437384,3561888.0,196.18227
0.001347683107645471,3005059.0,171.54764
0.0015002422470472036,2453513.0,146.18758
0.001652801386448936,1932830.6,121.97434
0.0018053605258506686,1466022.4,100.70635
0.0019579196652524016,1069554.8,82.51597
0.002110478804654134,744685.44,67.055725
0.0022630379440558668,494599.84,53.71313
0.002415597083457599,311916.62,41.298862
0.002568156222859332,187653.23,30.549202
0.0027207153622610643,111039.01,22.570545
0.0028732745016627967,64321.57,16.643772
0.0030258336410645295,36427.773,12.27948
0.003178392780466262,20338.312,9.113618
0.0033309519198679947,10704.616,6.453752
0.003483511059269727,5434.0366,4.4607625
0.0036360701986714594,2625.1333,3.0141945
0.0037886293380731927,1222.9733,2.0088134
0.003941188477474925,550.97253,1.320858
0.004093747616876658,246.06154,0.8745975
0.004246306756278391,108.449974,0.5739001
0.004398865895680123,48.053455,0.37454233
0.004551425035081855,21.483208,0.24530926
0.004703984174483589,9.714842,0.1623812
0.004856543313885321,4.7738104,0.113406435
0.005009102453287053,2.6253717,0.084910825
0.005161661592688786,1.747609,0.069847405
0.005314220732090518,1.3931121,0.06333907
0.005466779871492251,1.1534243,0.058199864
0.005619339010893984,1.0908365,0.057223406
0.005771898150295716,1.0074388,0.055108864
0.0059244572896974485,0.87514603,0.052547894
0.006077016429099181,0.79219884,0.05177772
0.006229575568500914,0.75153786,0.05065057
0.006382134707902647,0.67074835,0.048552062
0.00653469384730438,0.5993484,0.047605913
0.006687252986706112,0.570538,0.046648514
0.0068398121261078445,0.5617639,0.045976195
0.006992371265509577,0.48962855,0.045293204
0.00714493040491131,0.5037142,0.044792153
0.0072974895443130424,0.4599831,0.043908216
0.0074500486837147765,0.4894228,0.043882128
0.007602607823116509,0.44308406,0.042557545
0.007755166962518241,0.3659774,0.041820783
0.007907726101919975,0.39687866,0.042144217
0.008060285241321706,0.3537486,0.040869042
0.00821284438072344,0.42720222,0.04112837
0.00836540352012517,0.34600437,0.04042873
0.008517962659526904,0.27642405,0.03946713
0.008670521798928637,0.2542211,0.039208606
0.008823080938330369,0.2909234,0.038878243
0.008975640077732102,0.31807148,0.038766235
0.009128199217133834,0.27442622,0.038251046
0.009280758356535567,0.2960851,0.037908763
0.0094333174959373,0.25836676,0.03756576
0.009585876635339032,0.24847844,0.03713989
0.009738435774740765,0.27087897,0.03684851
0.009890994914142498,0.2529553,0.03669404
0.01004355405354423,0.23971826,0.03616485
0.010196113192945963,0.20333551,0.035748225
0.010348672332347694,0.24006733,0.035626948
0.010501231471749427,0.2209253,0.03509545
0.01065379061115116,0.1942284,0.035096
0.010806349750552892,0.19658245,0.0347387
0.010958908889954625,0.20947254,0.034581903
0.011111468029356357,0.21700266,0.034397937
0.01126402716875809,0.195279,0.033906825
0.011416586308159823,0.18839048,0.03378231
0.011569145447561555,0.20892769,0.03361076
0.011721704586963288,0.21438807,0.03359625
0.01187426372636502,0.19081329,0.033149473
0.012026822865766753,0.174081,0.032870777
0.012179382005168486,0.19042395,0.032791894
0.012331941144570218,0.15874596,0.032429308
0.012484500283971953,0.17296639,0.032377146
0.012637059423373682,0.19321212,0.032044537
0.012789618562775416,0.16801183,0.03178458
0.012942177702177147,0.19886397,0.03179424
0.01309473684157888,0.17964341,0.031523034
0.013247295980980612,0.16674204,0.031384636
0.013399855120382345,0.21338803,0.031381126
0.013552414259784077,0.16320473,0.030897215
0.013704973399185812,0.16527069,0.03069128
0.013857532538587541,0.18298458,0.03060989
0.014010091677989276,0.17473657,0.030419398
0.014162650817391008,0.14315073,0.030287659
0.014315209956792741,0.16078319,0.030123461
0.014467769096194473,0.14729299,0.029875988
0.014620328235596206,0.16441081,0.029839994
0.01477288737499794,0.15769462,0.029510366
0.01492544651439967,0.15531553,0.029509787
0.015078005653801406,0.13088319,0.029328309
0.015230564793203137,0.15137185,0.02926134
0.01538312393260487,0.1455198,0.029034268
0.015535683072006602,0.16551386,0.028892357
0.015688242211408337,0.15195632,0.02867033
0.015840801350810067,0.14913341,0.028670842
0.0159933604902118,0.14761795,0.028430957
0.016145919629613533,0.14657682,0.028325753
0.016298478769015266,0.14877634,0.02817787
0.016451037908416996,0.14943746,0.028007599
0.01660359704781873,0.15025675,0.02790249
0.016756156187220463,0.13438928,0.027770355
0.016908715326622196,0.1489489,0.02778338
0.017061274466023926,0.15094247,0.027551208
0.017213833605425662,0.1321067,0.027469035
0.017366392744827392,0.12908529,0.027225398
0.017518951884229125,0.13590956,0.02712516
0.01767151102363086,0.1488056,0.027100554
0.017824070163032592,0.14393935,0.02691869
0.01797662930243432,0.17190757,0.026897091
0.018129188441836055,0.1379196,0.026702775
0.018281747581237788,0.12766254,0.026544617
0.01843430672063952,0.1395673,0.02641841
0.01858686586004125,0.12128621,0.02640041
0.018739424999442988,0.124570094,0.026307853
0.018891984138844718,0.1267383,0.026130121
0.01904454327824645,0.13833927,0.026075274
0.019197102417648184,0.15865222,0.026027633
0.019349661557049917,0.13873269,0.025809688
0.019502220696451647,0.1308502,0.025752937
0.019654779835853384,0.13032573,0.025663955
0.019807338975255117,0.11740809,0.025564509
0.019959898114656847,0.12233306,0.025461229
0.02011245725405858,0.12758246,0.025290124
0.020265016393460313,0.12880254,0.025173083
0.020417575532862046,0.13686702,0.025196342
0.020570134672263776,0.12565376,0.025057701
0.020722693811665513,0.11818179,0.0249478
0.020875252951067243,0.12070055,0.024872977
0.021027812090468976,0.1160097,0.02474668
0.02118037122987071,0.11853854,0.024623094
0.021332930369272442,0.1325918,0.024605285
0.021485489508674172,0.12607636,0.024542606
0.021638048648075905,0.12901637,0.024484444
0.02179060778747764,0.12785786,0.024346408
0.021943166926879372,0.13214,0.02427263
0.0220957260662811,0.12728754,0.024170734
0.02224828520568284,0.115211636,0.024138592
0.022400844345084568,0.115489505,0.024045002
0.0225534034844863,0.114579566,0.02395802
0.022705962623888035,0.109701,0.023882784
0.022858521763289768,0.10532605,0.023752624
0.023011080902691498,0.12167414,0.023643045
0.02316364004209323,0.11679662,0.023575747
0.023316199181494964,0.12271825,0.023542928
0.023468758320896697,0.11726959,0.023413548
0.023621317460298427,0.13180079,0.023415253
0.023773876599700164,0.11651895,0.02329481
0.023926435739101894,0.119354434,0.023191623
0.024078994878503627,0.121388204,0.023108711
0.02423155401790536,0.10355536,0.023066316
0.024384113157307093,0.09913596,0.02298548
0.024536672296708823,0.108995385,0.02290462
0.024689231436110556,0.105119675,0.02286911
0.024841790575512293,0.1010679,0.022762585
0.024994349714914023,0.101049684,0.022654587
0.025146908854315753,0.110762,0.022631172
0.02529946799371749,0.11456901,0.022574954
0.025452027133119223,0.11131158,0.02256825
0.025604586272520952,0.103716515,0.022487469
0.025757145411922686,0.10534741,0.02235916
0.025909704551324422,0.1027751,0.022306474
0.026062263690726152,0.11756836,0.02223501
0.026214822830127882,0.113488846,0.022167286
0.026367381969529615,0.11384218,0.022137573
0.026519941108931352,0.11039005,0.022071628
0.02667250024833308,0.09842891,0.02198935
0.026825059387734815,0.10022302,0.02187939
0.026977618527136545,0.10492998,0.021823712
0.02713017766653828,0.102085344,0.021809196
0.02728273680594001,0.105184235,0.021720966
0.027435295945341744,0.107945085,0.021806275
0.027587855084743474,0.08828664,0.02200945
0.02774041422414521,0.10402012,0.022092342
0.027892973363546944,0.10530092,0.022144938
0.028045532502948674,0.099374816,0.022145024
0.028198091642350404,0.10986868,0.022220084
0.02835065078175214,0.11532358,0.022285275
0.028503209921153874,0.10657577,0.02230077
0.028655769060555603,0.09968024,0.022236627
0.028808328199957337,0.09371221,0.022244254
0.028960887339359073,0.096864164,0.022269093
0.029113446478760803,0.11282857,0.022283982
0.029266005618162533,0.10634657,0.022325084
0.02941856475756427,0.09265199,0.022320917
0.029571123896966003,0.09542389,0.022239052
0.029723683036367732,0.11090067,0.022259537
0.029876242175769466,0.09987836,0.022243124
0.030028801315171202,0.096638486,0.022268722
0.030181360454572932,0.101662576,0.022272896
0.030333919593974662,0.09920006,0.022250026
0.030486478733376395,0.10664807,0.022225762
0.030639037872778132,0.10581493,0.022332098
0.03079159701217986,0.10602675,0.022604357
0.030944156151581595,0.10325181,0.02276111
0.031096715290983325,0.10496009,0.022887561
0.03124927443038506,0.10694075,0.023040375
0.03140183356978679,0.10861823,0.023090497
0.03155439270918852,0.084627315,0.023180377
0.03170695184859026,0.081189185,0.023261141
0.031859510987991994,0.094376005,0.023328865
0.032012070127393724,0.091062315,0.02341693
0.032164629266795454,0.10188014,0.023514558
0.032317188406197184,0.094268344,0.023543607
0.03246974754559892,0.091938555,0.023574889
0.03262230668500065,0.09057138,0.023634544
0.03277486582440239,0.10042537,0.023694552
0.03292742496380412,0.09237496,0.023775754
0.03307998410320585,0.09952501,0.023800705
0.03323254324260758,0.10617486,0.023846114
0.03338510238200931,0.11308185,0.023861747
0.03353766152141104,0.10283463,0.023928856
0.03369022066081278,0.08996557,0.023952197
0.033842779800214516,0.08404864,0.024010547
0.033995338939616246,0.084412545,0.024030963
0.034147898079017976,0.08894794,0.02402796
0.03430045721841971,0.08902134,0.024088394
0.03445301635782144,0.0905446,0.02411095
0.03460557549722317,0.08815918,0.024151562
0.03475813463662491,0.0838783,0.024195481
0.034910693776026645,0.10724303,0.02429292
0.035063252915428375,0.09908677,0.024229402
0.035215812054830105,0.09205221,0.024264915
0.03536837119423184,0.088820316,0.024317652
0.03552093033363357,0.08524123,0.02435079
0.0356734894730353,0.09660676,0.02435938
0.03582604861243704,0.09070457,0.024377469
0.035978607751838775,0.083421044,0.024387022
0.036131166891240504,0.10015968,0.02445905
0.036283726030642234,0.08366013,0.024467595
0.036436285170043964,0.09996355,0.024576942
0.0365888443094457,0.101336576,0.02500763
0.03674140344884743,0.08775723,0.02538235
0.03689396258824917,0.08581242,0.025691072
0.0370465217276509,0.09219016,0.025839496
0.037199080867052634,0.09931154,0.02603701
0.03735164000645436,0.10097277,0.026175674
0.03750419914585609,0.08339235,0.026419377
0.03765675828525783,0.07422716,0.026617087
0.037809317424659566,0.077107735,0.02684087
0.037961876564061296,0.08332058,0.026967073
0.038114435703463026,0.10411798,0.027090503
0.038266994842864756,0.0932157,0.027192928
0.03841955398226649,0.073873095,0.027375681
0.03857211312166822,0.07416125,0.02759146
0.03872467226106996,0.0792199,0.02778919
0.03887723140047169,0.081840605,0.02795226
0.039029790539873425,0.084032476,0.028046388
0.039182349679275155,0.08489594,0.028087541
0.039334908818676885,0.0896371,0.028251924
0.03948746795807862,0.0913241,0.028522003
0.03964002709748035,0.08109033,0.028671468
0.03979258623688209,0.09438813,0.02879858
0.03994514537628382,0.104806334,0.028855117
0.040097704515685555,0.09834869,0.028978137
0.040250263655087284,0.095338136,0.029212315
0.040402822794489014,0.09265181,0.029355116
0.040555381933890744,0.09209843,0.029613055
0.04070794107329248,0.075341284,0.029674342
0.04086050021269422,0.09949056,0.029751258
0.04101305935209595,0.08533502,0.02986856
0.04116561849149768,0.09374931,0.029949553
0.041318177630899414,0.08419079,0.030148007
0.04147073677030114,0.08189499,0.029895147
0.04162329590970287,0.08784662,0.029129585
0.04177585504910461,0.09521472,0.028778018
0.04192841418850635,0.092762135,0.0285519
0.042080973327908076,0.085459314,0.028324772
0.042233532467309806,0.09684554,0.028156709
0.042386091606711536,0.08504366,0.028085347
0.04253865074611327,0.08590816,0.027849551
0.042691209885515,0.084363885,0.027696313
0.04284376902491674,0.11204943,0.027711863
0.04299632816431847,0.0925081,0.02761294
0.043148887303720206,0.07967229,0.027442846
0.043301446443121935,0.0893967,0.027382161
0.043454005582523665,0.09164336,0.027310785
0.043606564721925395,0.094351366,0.027187899
0.04375912386132713,0.08975373,0.027179375
0.04391168300072887,0.08521478,0.027083188
0.0440642421401306,0.0872919,0.027025595
0.044216801279532335,0.08183021,0.027015312
0.044369360418934065,0.09038281,0.02692939
0.044521919558335794,0.07511002,0.026818309
0.044674478697737524,0.08432758,0.026761806
0.04482703783713926,0.07911889,0.02672248
0.044979596976541,0.07617082,0.026675642
0.04513215611594273,0.08001949,0.026662163
0.04528471525534446,0.08882293,0.02658296
0.045437274394746194,0.08365024,0.026487416
0.045589833534147924,0.07714135,0.026471553
0.04574239267354965,0.08608178,0.026505647
0.04589495181295139,0.07961705,0.026372224
0.04604751095235313,0.082733825,0.026316546
0.046200070091754857,0.0756969,0.026177488
0.046352629231156586,0.07615326,0.02608766
0.046505188370558316,0.06964382,0.026035711
0.04665774750996005,0.08523854,0.026003918
0.04681030664936178,0.076751076,0.02588757
0.04696286578876352,0.078785054,0.025880856
0.04711542492816525,0.07941651,0.025767881
0.047267984067566986,0.07198695,0.025654607
0.047420543206968715,0.0822882,0.025580147
0.047573102346370445,0.09986319,0.02556086
0.047725661485772175,0.08187166,0.0254883
0.04787822062517391,0.08035923,0.025454134
0.04803077976457565,0.08698374,0.02534319
0.04818333890397738,0.08492123,0.025299374
0.04833589804337911,0.07458336,0.025218487
0.048488457182780845,0.07540183,0.025222939
0.048641016322182574,0.071485005,0.02512102
0.048793575461584304,0.08580167,0.02508738
0.04894613460098604,0.06620777,0.025008127
0.04909869374038778,0.076945,0.0249034
0.04925125287978951,0.08185273,0.024881952
0.04940381201919124,0.067453906,0.024832828
0.049556371158592974,0.06577911,0.024786288
0.049708930297994704,0.07991078,0.024752472
0.04986148943739643,0.069453,0.024739178
0.05001404857679817,0.069968596,0.024708219
0.0501666077161999,0.07387982,0.024622243
0.05031916685560163,0.08575996,0.024635797
0.05047172599500337,0.07391669,0.024631027
0.0506242851344051,0.06506938,0.024603086
0.05077684427380683,0.07397553,0.02459761
0.05092940341320856,0.07842866,0.024529537
0.0510819625526103,0.07348595,0.024503697
0.05123452169201203,0.07943499,0.024518138
0.05138708083141376,0.0816084,0.024492646
0.05153963997081549,0.08068702,0.024463138
0.05169219911021723,0.08255432,0.02447319
0.05184475824961896,0.08370624,0.024421496
0.05199731738902069,0.08177981,0.024363179
0.05214987652842243,0.07516419,0.024364596
0.05230243566782416,0.07634373,0.024375351
0.05245499480722589,0.072894,0.024352128
0.05260755394662762,0.06886245,0.024320792
0.05276011308602935,0.07907973,0.024264436
0.05291267222543109,0.07117727,0.024262158
0.05306523136483282,0.08445104,0.024225635
0.05321779050423456,0.07687084,0.024241291
0.05337034964363629,0.07711368,0.024196722
0.05352290878303802,0.076552235,0.024183283
0.05367546792243975,0.08743257,0.024163919
0.05382802706184148,0.068694204,0.024096748
0.05398058620124322,0.075311586,0.024091072
0.05413314534064495,0.08152289,0.024088558
0.05428570448004669,0.07581753,0.024075914
0.05443826361944842,0.08314151,0.024073007
0.05459082275885015,0.07185004,0.024024805
0.054743381898251876,0.069202736,0.024024762
0.054895941037653606,0.06599829,0.023979606
0.05504850017705534,0.07421143,0.023965206
0.05520105931645708,0.07238611,0.023951309
0.055353618455858816,0.07714257,0.023927627
0.055506177595260546,0.08347656,0.023891842
0.055658736734662276,0.08362046,0.023876434
0.055811295874064006,0.07799169,0.023849998
0.055963855013465735,0.07734495,0.023843078
0.05611641415286747,0.06914881,0.02380959
0.0562689732922692,0.08129201,0.023813928
0.056421532431670945,0.07339223,0.023792718
0.056574091571072675,0.07064246,0.02373266
0.056726650710474405,0.070394,0.023718618
0.056879209849876135,0.07241223,0.023715543
0.057031768989277865,0.07243115,0.023716252
0.0571843281286796,0.07341461,0.023695301
0.05733688726808133,0.0715683,0.023705784
0.05748944640748306,0.07083024,0.023614544
0.057642005546884804,0.07350388,0.023604712
0.057794564686286534,0.07703444,0.023591712
0.057947123825688264,0.0809132,0.02360561
0.058099682965089994,0.06891028,0.023585407
0.05825224210449173,0.066270955,0.023555396
0.05840480124389346,0.07495728,0.023520224
0.05855736038329519,0.07633631,0.023506554
0.058709919522696934,0.070459,0.023495352
0.05886247866209866,0.06970323,0.023458572
0.05901503780150039,0.068134494,0.023466265
0.05916759694090212,0.07213383,0.023438435
0.05932015608030386,0.07084726,0.023391536
0.05947271521970559,0.07686607,0.023368856
0.05962527435910732,0.07484867,0.023365071
0.05977783349850905,0.07891533,0.023386085
0.05993039263791079,0.06927155,0.023357889
0.06008295177731252,0.072023444,0.023331674
0.06023551091671425,0.07318136,0.023271875
0.06038807005611599,0.072309986,0.023259025
0.06054062919551772,0.076489955,0.023248373
0.06069318833491945,0.0764401,0.023261966
0.06084574747432118,0.08885868,0.0232409
0.06099830661372291,0.08033072,0.023214888
0.06115086575312465,0.08286051,0.02317495
0.06130342489252638,0.073657334,0.023156624
0.06145598403192812,0.0733033,0.023134269
0.06160854317132985,0.07423167,0.02314987
0.06176110231073158,0.07485986,0.023106432
0.06191366145013331,0.07409662,0.023108948
0.06206622058953504,0.06824675,0.02309359
0.062218779728936774,0.06888707,0.023061149
0.06237133886833851,0.07376375,0.023036912
0.06252389800774025,0.06506973,0.023016633
0.06267645714714197,0.06764741,0.023001602
0.0628290162865437,0.06428354,0.023013841
0.06298157542594544,0.06297063,0.022955263
0.06313413456534717,0.068645686,0.022937922
0.0632866937047489,0.06880256,0.022925666
0.06343925284415063,0.061929632,0.022913475
0.06359181198355238,0.06513656,0.02292047
0.0637443711229541,0.06345513,0.022882057
0.06389693026235584,0.08069017,0.022921288
0.06404948940175757,0.066756085,0.022829212
0.0642020485411593,0.07804344,0.022857802
0.06435460768056103,0.07239599,0.022808347
0.06450716681996276,0.06466532,0.022795001
0.0646597259593645,0.061724726,0.022775112
0.06481228509876623,0.068178594,0.022763701
0.06496484423816797,0.07738768,0.022730796
0.0651174033775697,0.06770973,0.02270761
0.06526996251697142,0.07379797,0.022710193
0.06542252165637316,0.074938715,0.02268257
0.06557508079577488,0.069681264,0.022680318
0.06572763993517662,0.06425879,0.022648133
0.06588019907457836,0.06599391,0.022618474
0.0660327582139801,0.07423374,0.022659637
0.06618531735338183,0.080495395,0.022642007
0.06633787649278355,0.073664166,0.022584628
0.06649043563218529,0.06329375,0.022579836
0.06664299477158701,0.07286366,0.022551453
0.06679555391098875,0.071835086,0.022517763
0.06694811305039049,0.06103816,0.022507394
0.06710067218979222,0.08298009,0.022574581
0.06725323132919396,0.07945826,0.022529118
0.06740579046859568,0.06950055,0.022465494
0.06755834960799742,0.06457575,0.022488331
0.06771090874739914,0.0635368,0.022415485
0.06786346788680088,0.061584342,0.022409622
0.06801602702620262,0.068233006,0.022407427
0.06816858616560434,0.07036256,0.02239159
0.06832114530500609,0.06883463,0.022387413
0.06847370444440781,0.067977615,0.0223743
0.06862626358380955,0.06855103,0.022324545
0.06877882272321127,0.071902044,0.022328027
0.06893138186261301,0.067175224,0.022315178
0.06908394100201475,0.073401935,0.022310186
0.06923650014141647,0.06700066,0.022290124
0.06938905928081822,0.0579291,0.022259481
0.06954161842021994,0.068249315,0.022225613
0.06969417755962168,0.074069984,0.022199089
0.0698467366990234,0.06651094,0.022206705
0.06999929583842514,0.068122536,0.022206463
0.07015185497782687,0.06966244,0.022202877
0.0703044141172286,0.0799861,0.022192135
0.07045697325663033,0.07290952,0.022148136
0.07060953239603207,0.072274975,0.022120513
0.07076209153543381,0.07859942,0.022139842
0.07091465067483553,0.07535016,0.022101643
0.07106720981423727,0.06653278,0.022091072
0.071219768953639,0.07955982,0.022094117
0.07137232809304073,0.07348882,0.022045938
0.07152488723244246,0.08519324,0.022021292
0.07167744637184419,0.07257695,0.0220037
0.07183000551124594,0.067883305,0.021987746
0.07198256465064766,0.06797009,0.021993008
0.0721351237900494,0.07192389,0.02197982
0.07228768292945113,0.0741572,0.021945454
0.07244024206885286,0.07118572,0.021918487
0.07259280120825459,0.064178474,0.021927584
0.07274536034765632,0.052118674,0.021904675
0.07289791948705805,0.05261274,0.021877568
0.07305047862645979,0.07076232,0.021909451
0.07320303776586153,0.06960873,0.021868156
0.07335559690526326,0.07368777,0.021830024
0.07350815604466499,0.06822357,0.021826101
0.07366071518406672,0.06648457,0.021822197
0.07381327432346844,0.064600825,0.021801576
0.07396583346287018,0.07798727,0.02180395
0.07411839260227192,0.07033219,0.021813422
0.07427095174167365,0.06446232,0.021737438
0.07442351088107539,0.06683249,0.021754289
0.07457607002047711,0.067167126,0.021743288
0.07472862915987885,0.06034643,0.021702422
0.07488118829928057,0.067162044,0.02170582
0.07503374743868231,0.06821169,0.0217317
0.07518630657808405,0.07646554,0.021688715
0.07533886571748578,0.06638783,0.021649294
0.07549142485688752,0.07354333,0.021632422
0.07564398399628924,0.07438393,0.021628797
0.07579654313569098,0.058055624,0.021616777
0.07594910227509272,0.061985567,0.021638738
0.07610166141449444,0.07250531,0.021572908
0.07625422055389618,0.06659816,0.021563822
0.0764067796932979,0.060038447,0.021540765
0.07655933883269965,0.057429533,0.021520296
0.07671189797210137,0.059145425,0.021552483
0.07686445711150311,0.06707804,0.02153165
0.07701701625090485,0.07450877,0.021476308
0.07716957539030657,0.061991896,0.021457244
0.0773221345297083,0.06634506,0.021472855
0.07747469366911003,0.069471866,0.021455714
0.07762725280851177,0.082110524,0.021462886
0.0777798119479135,0.08165982,0.021444218
0.07793237108731524,0.072436675,0.021381853
0.07808493022671698,0.07190713,0.021369865
0.0782374893661187,0.06911967,0.02136084
0.07839004850552043,0.064830236,0.021382013
0.07854260764492216,0.065897286,0.02137192
0.0786951667843239,0.07134972,0.021356381
0.07884772592372563,0.07377579,0.0213211
0.07900028506312737,0.06688355,0.021273877
0.0791528442025291,0.07098707,0.021299921
0.07930540334193083,0.063593976,0.021272086
0.07945796248133256,0.058380175,0.02126955
0.07961052162073429,0.06245264,0.021287333
0.07976308076013602,0.06705241,0.021225415
0.07991563989953776,0.0677197,0.021202384
0.0800681990389395,0.054991808,0.021194313
0.08022075817834123,0.06822671,0.021199457
0.08037331731774296,0.07927524,0.021215448
0.0805258764571447,0.059460223,0.021178763
0.08067843559654642,0.06115896,0.021129325
0.08083099473594815,0.073775336,0.021148361
0.08098355387534989,0.064841375,0.021140741
0.08113611301475161,0.065714926,0.021116674
0.08128867215415336,0.0726101,0.021108923
0.08144123129355509,0.06662575,0.021106863
0.08159379043295682,0.06955505,0.021062585
0.08174634957235855,0.06654597,0.021024315
0.08189890871176028,0.069865674,0.021038402
0.08205146785116202,0.06186434,0.021014722
0.08220402699056374,0.07029715,0.02102168
0.08235658612996548,0.06782373,0.020997213
0.08250914526936722,0.07503167,0.020981262
0.08266170440876895,0.064548284,0.020954315
0.08281426354817067,0.06979767,0.020953618
0.08296682268757241,0.06950987,0.020949278
0.08311938182697415,0.07257879,0.02094749
0.08327194096637587,0.06279778,0.020933226
0.08342450010577761,0.06976158,0.020901386
0.08357705924517934,0.06446519,0.020891918
0.08372961838458108,0.06521347,0.020897366
0.0838821775239828,0.061964136,0.020864993
0.08403473666338454,0.064123906,0.020845328
0.08418729580278628,0.056518365,0.020829827
0.084339854942188,0.06044047,0.020816816
0.08449241408158974,0.056416005,0.020800052
0.08464497322099146,0.06505062,0.020792162
0.08479753236039321,0.06334513,0.020816723
0.08495009149979493,0.06334995,0.020769818
0.08510265063919667,0.064478256,0.020790927
0.0852552097785984,0.06512979,0.020759882
0.08540776891800013,0.06702723,0.020716479
0.08556032805740187,0.07494849,0.020734187
0.08571288719680359,0.06605244,0.020736
0.08586544633620533,0.066964,0.020703688
0.08601800547560706,0.059258316,0.020682309
0.0861705646150088,0.060093753,0.02068354
0.08632312375441054,0.0605013,0.020631619
0.08647568289381226,0.057255697,0.02063372
0.086628242033214,0.05465359,0.020627083
0.08678080117261572,0.060892433,0.020614292
0.08693336031201745,0.06570409,0.020607917
0.08708591945141919,0.067273095,0.020612342
0.08723847859082093,0.06981875,0.020570543
0.08739103773022266,0.07277736,0.020563627
0.08754359686962439,0.067770146,0.020553002
0.08769615600902612,0.0775366,0.02057783
0.08784871514842785,0.07124804,0.02054066
0.08800127428782958,0.06464979,0.020520944
0.08815383342723132,0.06478679,0.020485906
0.08830639256663306,0.058848336,0.020468928
0.0884589517060348,0.061665755,0.02046192
0.08861151084543652,0.0574426,0.020449298
0.08876406998483825,0.058857314,0.020462288
0.08891662912423998,0.06313105,0.020444816
0.08906918826364171,0.062392045,0.020411102
0.08922174740304345,0.06760113,0.020408442
0.08937430654244517,0.06538208,0.020405585
0.08952686568184692,0.07399075,0.020412194
0.08967942482124865,0.06448334,0.020386102
0.08983198396065038,0.06757328,0.020361807
0.0899845431000521,0.066818155,0.02034
0.09013710223945384,0.07374785,0.02033439
0.09028966137885558,0.066151455,0.020329984
0.0904422205182573,0.05959501,0.020299409
0.09059477965765904,0.053402517,0.020289397
0.09074733879706078,0.056711756,0.020297011
0.09089989793646251,0.07160195,0.020262986
0.09105245707586423,0.06688988,0.020259267
0.09120501621526597,0.064028636,0.020244429
0.09135757535466771,0.06287115,0.020235993
0.09151013449406943,0.058617584,0.020240797
0.09166269363347117,0.058373515,0.020217609
0.09181525277287289,0.05403936,0.020204246
0.09196781191227464,0.06294894,0.020159893
0.09212037105167636,0.06616494,0.020166388
0.0922729301910781,0.06200089,0.020178422
0.09242548933047984,0.056833975,0.020150637
0.09257804846988156,0.059490837,0.020156354
0.0927306076092833,0.067760505,0.02015116
0.09288316674868502,0.069719896,0.020102628
0.09303572588808677,0.06962561,0.020115249
0.0931882850274885,0.060616046,0.020094326
0.09334084416689023,0.06155911,0.020083282
0.09349340330629197,0.06625351,0.020086419
0.09364596244569369,0.068163216,0.02004699
0.09379852158509543,0.06944799,0.02001596
0.09395108072449715,0.06529242,0.020047642
0.09410363986389889,0.06379325,0.020017782
0.09425619900330062,0.06079161,0.020013528
0.09440875814270236,0.059474345,0.020013943
0.0945613172821041,0.059547286,0.019991126
0.09471387642150582,0.060031176,0.019956805
0.09486643556090756,0.052453768,0.019953627
0.09501899470030928,0.052373037,0.019945376
0.09517155383971102,0.056688223,0.019934257
0.09532411297911275,0.053816654,0.01995075
0.09547667211851449,0.07087963,0.019930221
0.09562923125791623,0.06093096,0.019884065
0.09578179039731795,0.05973469,0.019898422
0.09593434953671968,0.057196684,0.019886253
0.09608690867612141,0.049840853,0.019861957
0.09623946781552314,0.05163815,0.019865697
0.09639202695492488,0.059926964,0.019872116
0.0965445860943266,0.057707977,0.019808907
0.09669714523372835,0.05669984,0.019809099
0.09684970437313008,0.06119657,0.019812679
0.09700226351253181,0.06258523,0.019821366
0.09715482265193354,0.06524601,0.019808764
0.09730738179133527,0.056951523,0.01979059
0.09745994093073701,0.06690862,0.019765317
0.09761250007013873,0.06613149,0.01977308
0.09776505920954047,0.0645555,0.019772187
0.0979176183489422,0.06552845,0.019751588
0.09807017748834394,0.0702136,0.019740783
0.09822273662774567,0.061414175,0.01972464
0.0983752957671474,0.06769813,0.019698502
0.09852785490654914,0.06952414,0.01966607
0.09868041404595086,0.0721617,0.019679682
0.0988329731853526,0.06514573,0.019663088
0.09898553232475434,0.06739791,0.019659631
0.09913809146415607,0.064710826,0.01965132
0.0992906506035578,0.061733488,0.019623509
0.09944320974295953,0.060779806,0.01961284
0.09959576888236127,0.06469873,0.01960963
0.09974832802176299,0.056221526,0.019597992
0.09990088716116473,0.06490296,0.019605627
0.10005344630056645,0.06886957,0.019607762
0.10020600543996819,0.06047486,0.019545052
0.10035856457936992,0.062063616,0.019534161
0.10051112371877165,0.062862754,0.019546293
0.10066368285817338,0.0573714,0.019547986
0.10081624199757513,0.05885663,0.019543711
0.10096880113697687,0.057678774,0.01952628
0.1011213602763786,0.055890664,0.019483132
0.10127391941578033,0.05766086,0.01946884
0.10142647855518205,0.053993206,0.019466406
0.10157903769458379,0.062247004,0.019461773
0.10173159683398553,0.0631633,0.019465877
0.10188415597338725,0.06213384,0.019440671
0.10203671511278899,0.054170918,0.019411903
0.10218927425219071,0.06173263,0.019413607
0.10234183339159245,0.058154464,0.019420052
0.10249439253099418,0.06383828,0.019416803
0.1026469516703959,0.07451025,0.019395625
0.10279951080979764,0.07063821,0.01940348
0.10295206994919937,0.057768855,0.019355867
0.10310462908860113,0.06389041,0.019351372
0.10325718822800285,0.07176081,0.01935407
0.10340974736740459,0.06306123,0.019347189
0.10356230650680631,0.057589535,0.019343926
0.10371486564620805,0.05685333,0.019332848
0.10386742478560979,0.060546964,0.019307451
0.10401998392501151,0.05363773,0.019280449
0.10417254306441324,0.06694239,0.019288471
0.10432510220381497,0.0651921,0.019277843
0.1044776613432167,0.061598774,0.01925512
0.10463022048261844,0.06450183,0.01926202
0.10478277962202016,0.058398798,0.019256178
0.1049353387614219,0.064975895,0.019214626
0.10508789790082362,0.060742967,0.019231925
0.10524045704022536,0.055653233,0.019213289
0.1053930161796271,0.051631894,0.019203085
0.10554557531902885,0.06879508,0.01920057
0.10569813445843057,0.06584276,0.019192977
0.10585069359783231,0.066059545,0.01916133
0.10600325273723404,0.05734378,0.019158885
0.10615581187663577,0.05298347,0.019157391
0.1063083710160375,0.054766607,0.019138513
0.10646093015543923,0.059833456,0.019148877
0.10661348929484096,0.056267843,0.019110097
0.1067660484342427,0.055165045,0.019095497
0.10691860757364442,0.05462861,0.019090353
0.10707116671304616,0.06568429,0.019106848
0.10722372585244788,0.048950277,0.019069955
0.10737628499184962,0.054430246,0.019316994
0.10752884413125136,0.05769616,0.019619983
0.10768140327065308,0.05117536,0.019829473
0.10783396241005483,0.051841866,0.020031968
0.10798652154945657,0.06466459,0.020197907
0.1081390806888583,0.058695853,0.02028206
0.10829163982826003,0.06805735,0.02037303
0.10844419896766176,0.04967547,0.020443523
0.10859675810706348,0.06228475,0.020826766
0.10874931724646522,0.06476394,0.021415515
0.10890187638586696,0.05572993,0.021788144
0.10905443552526868,0.061077934,0.022125544
0.10920699466467042,0.07387062,0.022449572
0.10935955380407214,0.058679916,0.022724137
0.10951211294347388,0.05643056,0.023010263
0.10966467208287561,0.061287284,0.02325875
0.10981723122227734,0.058071125,0.023527283
0.10996979036167907,0.050917223,0.023809588
0.1101223495010808,0.061078593,0.024074012
0.11027490864048256,0.053888813,0.024341157
0.11042746777988428,0.054828614,0.024613
0.11058002691928602,0.05975265,0.024823423
0.11073258605868774,2.734214,0.054249685
0.11088514519808948,0.10875667,0.025431842
0.11103770433749122,0.0644855,0.025596298
0.11119026347689294,0.048940502,0.025867773
0.11134282261629468,0.055620488,0.026118567
0.1114953817556964,0.058272224,0.026414473
0.11164794089509814,0.061642364,0.02662038
0.11180050003449987,0.06380929,0.026823793
0.1119530591739016,0.07622511,0.027053867
0.11210561831330333,0.06882288,0.027175505
0.11225817745270505,0.05858884,0.027276674
0.11241073659210679,0.053910606,0.027376859
0.11256329573150854,0.06126096,0.027525444
0.11271585487091028,0.062601574,0.027610296
0.112868414010312,0.04198166,0.027712172
0.11302097314971374,0.04055045,0.027830714
0.11317353228911547,0.057826146,0.027939318
0.1133260914285172,0.054914463,0.028048525
0.11347865056791893,0.049793325,0.028094565
0.11363120970732066,0.04499935,0.028132053
0.1137837688467224,0.053781882,0.028183304
0.11393632798612413,0.056266543,0.028217314
0.11408888712552585,0.05069354,0.028267462
0.11424144626492759,0.049037877,0.028319925
0.11439400540432931,0.056157757,0.028364206
0.11454656454373105,0.061528094,0.02843255
0.11469912368313279,0.06324142,0.028460428
0.11485168282253451,0.06568313,0.028439086
0.11500424196193626,0.0728624,0.02855375
0.115156801101338,0.05412143,0.028583264
0.11530936024073973,0.05353416,0.028692966
0.11546191938014146,0.067208104,0.02877928
0.11561447851954319,0.055178143,0.028944425
0.11576703765894492,0.036940396,0.028959522
0.11591959679834665,0.038448192,0.02908471
0.11607215593774839,0.03836751,0.029166928
0.11622471507715011,0.036836732,0.029264055
0.11637727421655185,0.041254096,0.029392427
0.11652983335595357,0.048020776,0.029485922
0.11668239249535531,0.046706278,0.029561123
0.11683495163475704,0.04550807,0.029672472
0.11698751077415877,0.0472669,0.029800301
0.1171400699135605,0.0415705,0.029863369
0.11729262905296226,0.060563162,0.029996414
0.11744518819236399,0.052731052,0.030085968
0.11759774733176571,0.05564789,0.03019054
0.11775030647116745,0.053863,0.03031372
0.11790286561056917,0.047083758,0.030364398
0.11805542474997091,0.03928721,0.030476568
0.11820798388937265,0.05807398,0.030590026
0.11836054302877437,0.050595872,0.0306816
0.11851310216817611,0.06047199,0.030852921
0.11866566130757783,0.071712226,0.030893639
0.11881822044697957,0.05859243,0.030977378
0.1189707795863813,0.052068453,0.03110333
0.11912333872578303,0.06067508,0.031261675
0.11927589786518476,0.0576502,0.0313442
0.11942845700458649,0.06388144,0.031414088
0.11958101614398822,0.053285208,0.031525303
0.11973357528338997,0.06071248,0.031607244
0.11988613442279171,0.044713702,0.031714458
0.12003869356219343,0.04622536,0.031819023
0.12019125270159517,0.049855243,0.031954702
0.1203438118409969,0.04463688,0.03205292
0.12049637098039863,0.050407924,0.032150608
0.12064893011980037,0.04652599,0.03223758
0.12080148925920209,0.042403977,0.032363404
0.12095404839860383,0.039454106,0.032445684
0.12110660753800556,0.048993014,0.032601777
0.12125916667740728,0.061269205,0.032682367
0.12141172581680902,0.05399235,0.0327882
0.12156428495621074,0.05162022,0.032889653
0.12171684409561248,0.048081603,0.0329907
0.12186940323501422,0.03738185,0.0330962
0.12202196237441594,0.046436187,0.03325038
0.12217452151381769,0.055742305,0.033368114
0.12232708065321943,0.055671174,0.033468444
0.12247963979262116,0.039711032,0.033557586
0.12263219893202289,0.045952413,0.033684652
0.12278475807142462,0.057414204,0.033812463
0.12293731721082635,0.04679347,0.033922363
0.12308987635022808,0.052228607,0.03399262
0.12324243548962982,0.05463753,0.034166824
0.12339499462903154,0.05229019,0.03424389
0.12354755376843328,0.044810746,0.03437518
0.123700112907835,0.030455759,0.034475572
0.12385267204723674,0.046560567,0.034628633
0.12400523118663848,0.039107066,0.034692295
0.1241577903260402,0.050600942,0.03483116
0.12431034946544194,0.06339334,0.03495925
0.12446290860484369,0.046858888,0.03505256
0.12461546774424542,0.065824986,0.035243377
0.12476802688364715,0.07826292,0.03537778
0.12492058602304888,0.03716926,0.035497393
0.1250731451624506,0.04818181,0.035576377
0.12522570430185234,0.058370847,0.035678297
0.12537826344125408,0.04003955,0.03582587
0.12553082258065582,0.042726092,0.035964362
0.12568338172005752,0.048827108,0.03603893
0.12583594085945926,0.041022807,0.0362087
0.125988499998861,0.0481701,0.03630995
0.12614105913826273,0.054492693,0.036431924
0.12629361827766447,0.052640516,0.03662364
0.12644617741706618,0.045072306,0.036735848
0.12659873655646792,0.05095028,0.03681209
0.12675129569586965,0.056264214,0.037010543
0.12690385483527142,0.05087329,0.03717731
0.12705641397467313,0.060330965,0.0372728
0.12720897311407486,0.050804794,0.037398677
0.1273615322534766,0.043955095,0.03748805
0.12751409139287834,0.041918326,0.037625413
0.12766665053228007,0.04883288,0.037832603
0.12781920967168178,0.035162564,0.03789885
0.12797176881108352,0.03021902,0.03804649
0.12812432795048526,0.03727664,0.038209997
0.128276887089887,0.04976825,0.038378555
0.12842944622928873,0.04022034,0.038531356
0.12858200536869044,0.047252733,0.038630627
0.12873456450809218,0.042911157,0.03875316
0.1288871236474939,0.034146857,0.038921796
0.12903968278689565,0.037849184,0.039068986
0.12919224192629739,0.043233093,0.039253015
0.12934480106569912,0.04346229,0.039375626
0.12949736020510086,0.052155558,0.039515022
0.1296499193445026,0.046017516,0.039657645
0.12980247848390433,0.038776807,0.03983848
0.12995503762330604,0.051475577,0.04000757
0.13010759676270778,0.03397942,0.04013174
0.13026015590210951,0.03692354,0.040312484
0.13041271504151125,0.041390043,0.04046209
0.130565274180913,0.033733018,0.04062842
0.1307178333203147,0.024978798,0.04079666
0.13087039245971643,0.03408601,0.040929142
0.13102295159911817,0.033493012,0.041112114
0.1311755107385199,0.056208987,0.04135134
0.13132806987792164,0.044000264,0.041470207
0.13148062901732335,0.037401006,0.04162686
0.13163318815672512,0.037332423,0.041799106
0.13178574729612685,0.040525317,0.041949566
0.1319383064355286,0.03746983,0.04215606
0.1320908655749303,0.039417025,0.042320244
0.13224342471433204,0.04514967,0.042485088
0.13239598385373377,0.044470582,0.042699587
0.1325485429931355,0.045409497,0.04286687
0.13270110213253725,0.053123634,0.04307016
0.13285366127193896,0.037519578,0.043257333
0.1330062204113407,0.03999026,0.043411214
0.13315877955074243,0.041851714,0.043610655
0.13331133869014417,0.05078711,0.04390017
0.1334638978295459,0.06465103,0.043985162
0.1336164569689476,0.045990985,0.04420392
0.13376901610834935,0.053261634,0.044456214
0.1339215752477511,0.04592452,0.044583496
0.13407413438715285,0.04824184,0.04488688
0.13422669352655456,0.047557715,0.045091666
0.1343792526659563,0.05902135,0.045200564
0.13453181180535803,0.040907234,0.045449696
0.13468437094475977,0.032402348,0.045735408
0.1348369300841615,0.028397381,0.045843896
0.1349894892235632,0.03589582,0.046171412
0.13514204836296495,0.03760166,0.0462981
0.1352946075023667,0.045677576,0.046534576
0.13544716664176842,0.026057662,0.046807125
0.13559972578117016,0.035835408,0.047042035
0.13575228492057187,0.043402266,0.047208376
0.1359048440599736,0.04494744,0.04747873
0.13605740319937534,0.04545057,0.047757354
0.13620996233877708,0.02997858,0.04793066
0.13636252147817882,0.029726999,0.048200343
0.13651508061758055,0.026653275,0.048397753
0.1366676397569823,0.013435232,0.04868641
0.13682019889638403,0.027444333,0.04894816
0.13697275803578576,0.042644758,0.049228054
0.13712531717518747,0.039980397,0.049479734
0.1372778763145892,0.023984531,0.04972376
0.13743043545399095,0.027138293,0.049962956
0.13758299459339268,0.03296333,0.050396323
0.13773555373279442,0.035042487,0.05053185
0.13788811287219613,0.036263373,0.050799362
0.13804067201159786,0.04090173,0.051141646
0.1381932311509996,0.03350712,0.051377553
0.13834579029040134,0.03616082,0.051677592
0.13849834942980307,0.03506587,0.052027002
0.1386509085692048,0.038422756,0.052263755
0.13880346770860655,0.044343326,0.05259845
0.13895602684800828,0.032979883,0.05294905
0.13910858598741002,0.030289516,0.053197943
0.13926114512681173,0.036234908,0.0535678
0.13941370426621347,0.030711202,0.053912006
0.1395662634056152,0.015865933,0.05418325
0.13971882254501694,0.018352104,0.05458614
0.13987138168441868,0.03957934,0.054920096
0.1400239408238204,0.02299486,0.05522589
0.14017649996322212,0.024424015,0.055658095
0.14032905910262386,0.032304853,0.055978835
0.1404816182420256,0.030144587,0.05633818
0.14063417738142733,0.018615479,0.056875464
0.14078673652082904,0.014312261,0.057098225
0.14093929566023078,0.020794006,0.057492606
0.14109185479963254,0.028518166,0.057965703
0.14124441393903428,0.040728375,0.058281314
0.141396973078436,0.04102354,0.058729
0.14154953221783773,0.039094746,0.059213378
0.14170209135723946,0.02315146,0.059641387
0.1418546504966412,0.054980446,0.060064312
0.14200720963604294,0.045815345,0.060688674
0.14215976877544464,0.03737748,0.06089913
0.14231232791484638,0.028004633,0.06162407
0.14246488705424812,0.020301078,0.061927993
0.14261744619364985,0.014593896,0.06233962
0.1427700053330516,0.032615952,0.06295047
