#DAT file by SAXSII - Timestamp: 09/12/2024 14:40:48
radial-q_A^-1,intensity,sigma
0.00012720999243161018,6342255.0,825.5221
0.0002797691318333428,6097218.0,535.19745
0.00043232827123507536,5828824.0,421.64725
0.000584887410636808,5472442.5,347.52142
0.0007374465500385405,5037415.0,293.94888
0.0008900056894402731,4542538.5,253.59354
0.0010425648288420058,4018016.0,220.66757
0.0011951239682437384,3496888.5,194.38719
0.001347683107645471,2973606.8,170.68607
0.0015002422470472036,2452318.2,146.20076
0.001652801386448936,1951457.1,122.575584
0.0018053605258506686,1494558.6,101.66817
0.0019579196652524016,1101463.6,83.73119
0.002110478804654134,775858.1,68.45068
0.0022630379440558668,521799.9,55.177406
0.002415597083457599,333357.5,42.706066
0.002568156222859332,202315.03,31.729515
0.0027207153622610643,120410.51,23.510681
0.0028732745016627967,69914.73,17.355076
0.0030258336410645295,39532.926,12.788889
0.003178392780466262,21932.805,9.435861
0.0033309519198679947,11632.303,6.735256
0.003483511059269727,5904.962,4.6555533
0.0036360701986714594,2868.0771,3.1597104
0.0037886293380731927,1333.3761,2.0987997
0.003941188477474925,597.5539,1.3743234
0.004093747616876658,267.4051,0.9107931
0.004246306756278391,117.39748,0.5949183
0.004398865895680123,51.674477,0.38673738
0.004551425035081855,23.089148,0.25401035
0.004703984174483589,10.365532,0.1675338
0.004856543313885321,5.065586,0.11681771
0.005009102453287053,2.8301604,0.08763941
0.005161661592688786,1.909684,0.07231351
0.005314220732090518,1.483803,0.06461587
0.005466779871492251,1.1523486,0.05821546
0.005619339010893984,1.1008708,0.057823867
0.005771898150295716,0.9726695,0.055084564
0.0059244572896974485,0.83328456,0.05240419
0.006077016429099181,0.7442989,0.050443336
0.006229575568500914,0.8020101,0.050673835
0.006382134707902647,0.70703965,0.049035925
0.00653469384730438,0.59013295,0.046902075
0.006687252986706112,0.55506283,0.046441
0.0068398121261078445,0.54152983,0.04595933
0.006992371265509577,0.5384318,0.045832973
0.00714493040491131,0.4808838,0.04433238
0.0072974895443130424,0.46468827,0.044163
0.0074500486837147765,0.42429188,0.043417826
0.007602607823116509,0.3969432,0.042425085
0.007755166962518241,0.40508142,0.04209066
0.007907726101919975,0.3897688,0.04193585
0.008060285241321706,0.36222053,0.040973302
0.00821284438072344,0.3609376,0.040658206
0.00836540352012517,0.36051628,0.040124524
0.008517962659526904,0.31749567,0.039761778
0.008670521798928637,0.31034958,0.039357927
0.008823080938330369,0.30662495,0.03885519
0.008975640077732102,0.31132036,0.03867966
0.009128199217133834,0.30178759,0.038346842
0.009280758356535567,0.2400793,0.037680134
0.0094333174959373,0.266436,0.037407707
0.009585876635339032,0.2657277,0.036911838
0.009738435774740765,0.24022572,0.03675392
0.009890994914142498,0.23928341,0.036486544
0.01004355405354423,0.25090685,0.036160875
0.010196113192945963,0.21616638,0.03578704
0.010348672332347694,0.2270718,0.03553221
0.010501231471749427,0.21522175,0.035542484
0.01065379061115116,0.2129434,0.035140987
0.010806349750552892,0.2303136,0.03485001
0.010958908889954625,0.24988635,0.034705874
0.011111468029356357,0.21917559,0.034349535
0.01126402716875809,0.21606046,0.034163106
0.011416586308159823,0.19482353,0.03379515
0.011569145447561555,0.20170555,0.03368965
0.011721704586963288,0.23126458,0.033432946
0.01187426372636502,0.20769729,0.03317561
0.012026822865766753,0.20450507,0.032896686
0.012179382005168486,0.21737203,0.032793954
0.012331941144570218,0.2049764,0.032547526
0.012484500283971953,0.21392962,0.03258522
0.012637059423373682,0.21358779,0.032179
0.012789618562775416,0.18963702,0.031830333
0.012942177702177147,0.18515731,0.031731687
0.01309473684157888,0.172679,0.031538814
0.013247295980980612,0.17697413,0.031303797
0.013399855120382345,0.18658876,0.03120874
0.013552414259784077,0.18080251,0.0310146
0.013704973399185812,0.17539626,0.030854534
0.013857532538587541,0.18732096,0.030617377
0.014010091677989276,0.18722795,0.030625578
0.014162650817391008,0.15134113,0.030327441
0.014315209956792741,0.17073213,0.030196087
0.014467769096194473,0.18680264,0.030079018
0.014620328235596206,0.1810764,0.029817495
0.01477288737499794,0.15400542,0.02955618
0.01492544651439967,0.18062814,0.029542105
0.015078005653801406,0.14141516,0.029274326
0.015230564793203137,0.1376185,0.02917493
0.01538312393260487,0.15573616,0.029066196
0.015535683072006602,0.1641144,0.028884988
0.015688242211408337,0.15089236,0.028669775
0.015840801350810067,0.14154276,0.028670268
0.0159933604902118,0.14818314,0.028528241
0.016145919629613533,0.14002597,0.028272502
0.016298478769015266,0.14078228,0.02820803
0.016451037908416996,0.1400375,0.028016187
0.01660359704781873,0.13412374,0.027895406
0.016756156187220463,0.13367414,0.027868504
0.016908715326622196,0.1436324,0.027646292
0.017061274466023926,0.14724424,0.027598608
0.017213833605425662,0.13920441,0.0274393
0.017366392744827392,0.12897928,0.027245563
0.017518951884229125,0.13124713,0.027148483
0.01767151102363086,0.14036721,0.027058264
0.017824070163032592,0.12269919,0.0268926
0.01797662930243432,0.12052332,0.02679873
0.018129188441836055,0.123580806,0.026679033
0.018281747581237788,0.12898192,0.026578324
0.01843430672063952,0.14981303,0.02639109
0.01858686586004125,0.13466434,0.026395712
0.018739424999442988,0.14499581,0.026290635
0.018891984138844718,0.1354491,0.026212517
0.01904454327824645,0.12213276,0.026030099
0.019197102417648184,0.13319848,0.025931798
0.019349661557049917,0.13127032,0.025750995
0.019502220696451647,0.12219212,0.025792122
0.019654779835853384,0.109731674,0.025594134
0.019807338975255117,0.1283891,0.025515877
0.019959898114656847,0.11688235,0.025428135
0.02011245725405858,0.11648706,0.025333634
0.020265016393460313,0.12471539,0.025245281
0.020417575532862046,0.127926,0.025158912
0.020570134672263776,0.12771924,0.025101267
0.020722693811665513,0.12836216,0.024984421
0.020875252951067243,0.12328562,0.024873538
0.021027812090468976,0.13080043,0.024755485
0.02118037122987071,0.12823544,0.024681007
0.021332930369272442,0.12306615,0.024573645
0.021485489508674172,0.13129619,0.024519904
0.021638048648075905,0.12027073,0.024420893
0.02179060778747764,0.10422445,0.024364943
0.021943166926879372,0.12749018,0.024297832
0.0220957260662811,0.12408957,0.024125936
0.02224828520568284,0.13024138,0.024062164
0.022400844345084568,0.1177883,0.024007604
0.0225534034844863,0.09578351,0.023898307
0.022705962623888035,0.09449527,0.023811912
0.022858521763289768,0.097628266,0.023756314
0.023011080902691498,0.10312777,0.023630673
0.02316364004209323,0.109407015,0.023547713
0.023316199181494964,0.12837827,0.02353051
0.023468758320896697,0.13291715,0.023483079
0.023621317460298427,0.12365113,0.023380887
0.023773876599700164,0.11450145,0.023338048
0.023926435739101894,0.10016866,0.023217808
0.024078994878503627,0.10986248,0.02312576
0.02423155401790536,0.11112535,0.023067662
0.024384113157307093,0.10414072,0.022992643
0.024536672296708823,0.11287174,0.022905333
0.024689231436110556,0.11531026,0.022871973
0.024841790575512293,0.1082538,0.022745034
0.024994349714914023,0.11394353,0.022667317
0.025146908854315753,0.11592711,0.022682847
0.02529946799371749,0.11663619,0.022599887
0.025452027133119223,0.11585913,0.02249246
0.025604586272520952,0.09949118,0.022401601
0.025757145411922686,0.10205015,0.022334589
0.025909704551324422,0.111141734,0.022289628
0.026062263690726152,0.106191315,0.022274943
0.026214822830127882,0.10439701,0.022195363
0.026367381969529615,0.11645377,0.022157032
0.026519941108931352,0.103515066,0.022094112
0.02667250024833308,0.10137819,0.021961689
0.026825059387734815,0.10878243,0.02188888
0.026977618527136545,0.102003336,0.02185389
0.02713017766653828,0.105572924,0.021783704
0.02728273680594001,0.1066366,0.021739291
0.027435295945341744,0.10209309,0.021829
0.027587855084743474,0.1030246,0.02201092
0.02774041422414521,0.09237698,0.022046803
0.027892973363546944,0.10415745,0.022140214
0.028045532502948674,0.09943436,0.022171216
0.028198091642350404,0.086945355,0.022219406
0.02835065078175214,0.1091244,0.022263583
0.028503209921153874,0.0935412,0.022243073
0.028655769060555603,0.09981967,0.022228066
0.028808328199957337,0.10701778,0.022274068
0.028960887339359073,0.09075588,0.022230439
0.029113446478760803,0.10709378,0.022271888
0.029266005618162533,0.10724296,0.02233981
0.02941856475756427,0.105863325,0.022321003
0.029571123896966003,0.09469909,0.022244476
0.029723683036367732,0.09577179,0.02222577
0.029876242175769466,0.104668215,0.022227902
0.030028801315171202,0.10720978,0.02223424
0.030181360454572932,0.104246005,0.022281667
0.030333919593974662,0.09105079,0.022242445
0.030486478733376395,0.09590212,0.022197338
0.030639037872778132,0.104254276,0.022316732
0.03079159701217986,0.09950003,0.022640346
0.030944156151581595,0.09942244,0.022829354
0.031096715290983325,0.108972974,0.022925723
0.03124927443038506,0.09302612,0.023003563
0.03140183356978679,0.09199429,0.023096373
0.03155439270918852,0.10206274,0.0231844
0.03170695184859026,0.093655534,0.02330278
0.031859510987991994,0.08544021,0.023387674
0.032012070127393724,0.0977358,0.023446634
0.032164629266795454,0.10324909,0.023478393
0.032317188406197184,0.09334513,0.023538841
0.03246974754559892,0.099671595,0.023574462
0.03262230668500065,0.09101857,0.023620624
0.03277486582440239,0.09358755,0.023658939
0.03292742496380412,0.07854313,0.023707053
0.03307998410320585,0.10536984,0.023816036
0.03323254324260758,0.08651852,0.023811476
0.03338510238200931,0.09422002,0.023836168
0.03353766152141104,0.099659145,0.023942128
0.03369022066081278,0.09863345,0.02399536
0.033842779800214516,0.08063783,0.023952475
0.033995338939616246,0.08222674,0.024025097
0.034147898079017976,0.07501144,0.024034278
0.03430045721841971,0.08386264,0.024068749
0.03445301635782144,0.08821944,0.024101565
0.03460557549722317,0.089026146,0.02418663
0.03475813463662491,0.08652385,0.024175486
0.034910693776026645,0.101341456,0.024254559
0.035063252915428375,0.08743828,0.024251098
0.035215812054830105,0.09835104,0.024302138
0.03536837119423184,0.07693823,0.024296002
0.03552093033363357,0.09064368,0.024366355
0.0356734894730353,0.09307737,0.024358975
0.03582604861243704,0.09746724,0.02440772
0.035978607751838775,0.090874165,0.024456419
0.036131166891240504,0.0892504,0.024380837
0.036283726030642234,0.08757209,0.024449645
0.036436285170043964,0.0888085,0.024516817
0.0365888443094457,0.08941232,0.02501075
0.03674140344884743,0.07754396,0.025374234
0.03689396258824917,0.08841409,0.025657427
0.0370465217276509,0.093058825,0.02587837
0.037199080867052634,0.09146763,0.026036227
0.03735164000645436,0.090819,0.026170155
0.03750419914585609,0.08433904,0.026391923
0.03765675828525783,0.09158437,0.026644016
0.037809317424659566,0.09358745,0.026864745
0.037961876564061296,0.10013127,0.026974238
0.038114435703463026,0.106942445,0.027087867
0.038266994842864756,0.0855845,0.027190585
0.03841955398226649,0.09538586,0.027407415
0.03857211312166822,0.09423021,0.027630765
0.03872467226106996,0.086424105,0.02774675
0.03887723140047169,0.08287491,0.027857158
0.039029790539873425,0.096604444,0.027990328
0.039182349679275155,0.08895859,0.028121484
0.039334908818676885,0.10625578,0.028343784
0.03948746795807862,0.09371244,0.028552592
0.03964002709748035,0.081155375,0.02867172
0.03979258623688209,0.08421804,0.028777855
0.03994514537628382,0.0963573,0.028840704
0.040097704515685555,0.081278756,0.028959582
0.040250263655087284,0.0824083,0.029137032
0.040402822794489014,0.09371149,0.029370314
0.040555381933890744,0.09853343,0.029583797
0.04070794107329248,0.07958019,0.02967884
0.04086050021269422,0.071751826,0.029726608
0.04101305935209595,0.07706683,0.029818999
0.04116561849149768,0.07308751,0.029952
0.041318177630899414,0.090098314,0.030218689
0.04147073677030114,0.08350504,0.029936895
0.04162329590970287,0.09035854,0.029149232
0.04177585504910461,0.087582015,0.028740317
0.04192841418850635,0.08213979,0.028530844
0.042080973327908076,0.091896705,0.028338017
0.042233532467309806,0.07854746,0.028141866
0.042386091606711536,0.076303616,0.028013876
0.04253865074611327,0.09372505,0.027899286
0.042691209885515,0.07925082,0.02775382
0.04284376902491674,0.072185114,0.027611827
0.04299632816431847,0.07494039,0.027569257
0.043148887303720206,0.06357043,0.027513083
0.043301446443121935,0.082118675,0.027419312
0.043454005582523665,0.083792426,0.027281228
0.043606564721925395,0.083184406,0.027155355
0.04375912386132713,0.07766367,0.02713725
0.04391168300072887,0.086305,0.027113795
0.0440642421401306,0.0865006,0.027037498
0.044216801279532335,0.09135774,0.027004426
0.044369360418934065,0.08763752,0.026923886
0.044521919558335794,0.0793413,0.02688003
0.044674478697737524,0.073357254,0.026745707
0.04482703783713926,0.05648055,0.026704717
0.044979596976541,0.078614116,0.026649192
0.04513215611594273,0.08830271,0.026706556
0.04528471525534446,0.0814029,0.026595432
0.045437274394746194,0.07985367,0.026498873
0.045589833534147924,0.07661965,0.026498564
0.04574239267354965,0.08136096,0.026454372
0.04589495181295139,0.0874669,0.026357532
0.04604751095235313,0.10140565,0.02629976
0.046200070091754857,0.0968991,0.02623347
0.046352629231156586,0.08998668,0.02611992
0.046505188370558316,0.09155811,0.026046056
0.04665774750996005,0.076122634,0.025976703
0.04681030664936178,0.08111484,0.025909122
0.04696286578876352,0.09638235,0.025912972
0.04711542492816525,0.08794372,0.02578771
0.047267984067566986,0.0735463,0.025654964
0.047420543206968715,0.09236013,0.02563104
0.047573102346370445,0.07763654,0.025565937
0.047725661485772175,0.08234605,0.02550459
0.04787822062517391,0.08970966,0.025414465
0.04803077976457565,0.07918839,0.025370875
0.04818333890397738,0.08134829,0.025254352
0.04833589804337911,0.07483299,0.025286455
0.048488457182780845,0.07628484,0.025177104
0.048641016322182574,0.0795949,0.02512184
0.048793575461584304,0.07844559,0.025082288
0.04894613460098604,0.08284099,0.025018377
0.04909869374038778,0.1013497,0.02495368
0.04925125287978951,0.08695937,0.02491379
0.04940381201919124,0.08559259,0.02485812
0.049556371158592974,0.06838956,0.024768665
0.049708930297994704,0.07217729,0.024757292
0.04986148943739643,0.062341936,0.024703545
0.05001404857679817,0.08065516,0.02466398
0.0501666077161999,0.075796306,0.024613148
0.05031916685560163,0.080977686,0.02465532
0.05047172599500337,0.07429086,0.024648316
0.0506242851344051,0.06774591,0.024605697
0.05077684427380683,0.078579836,0.024578154
0.05092940341320856,0.07478578,0.024510112
0.0510819625526103,0.06904032,0.024485892
0.05123452169201203,0.06995902,0.024503395
0.05138708083141376,0.08037423,0.024458842
0.05153963997081549,0.08055288,0.024463248
0.05169219911021723,0.08919165,0.02447287
0.05184475824961896,0.08559941,0.024421742
0.05199731738902069,0.08327023,0.024381936
0.05214987652842243,0.075141914,0.024347028
0.05230243566782416,0.06501543,0.024328725
0.05245499480722589,0.081814565,0.024339389
0.05260755394662762,0.10095186,0.024399102
0.05276011308602935,0.07509017,0.024273632
0.05291267222543109,0.071134694,0.024223942
0.05306523136483282,0.07280251,0.024246028
0.05321779050423456,0.073086135,0.02419645
0.05337034964363629,0.07012814,0.02420052
0.05352290878303802,0.06576503,0.024195598
0.05367546792243975,0.06723468,0.024149505
0.05382802706184148,0.06724083,0.024116598
0.05398058620124322,0.076976396,0.024101963
0.05413314534064495,0.06742435,0.02408758
0.05428570448004669,0.056729883,0.024036696
0.05443826361944842,0.058187336,0.024044499
0.05459082275885015,0.06929285,0.0240258
0.054743381898251876,0.06847564,0.023985783
0.054895941037653606,0.07915491,0.023969557
0.05504850017705534,0.08140822,0.023949707
0.05520105931645708,0.08464084,0.023958644
0.055353618455858816,0.06608668,0.023922456
0.055506177595260546,0.06530395,0.02389159
0.055658736734662276,0.06973395,0.02383257
0.055811295874064006,0.07263596,0.023858976
0.055963855013465735,0.0707724,0.023852317
0.05611641415286747,0.075525485,0.023811681
0.0562689732922692,0.079205506,0.023821142
0.056421532431670945,0.07182406,0.023776798
0.056574091571072675,0.068278216,0.023733374
0.056726650710474405,0.06929927,0.02374664
0.056879209849876135,0.06990995,0.023741024
0.057031768989277865,0.06765843,0.023685018
0.0571843281286796,0.066667795,0.023684062
0.05733688726808133,0.069205046,0.023688223
0.05748944640748306,0.06973522,0.023645276
0.057642005546884804,0.06721603,0.023622818
0.057794564686286534,0.0763758,0.023610784
0.057947123825688264,0.094133,0.023631375
0.058099682965089994,0.08601127,0.023585653
0.05825224210449173,0.08087244,0.023554284
0.05840480124389346,0.0692435,0.023515258
0.05855736038329519,0.078944795,0.02349239
0.058709919522696934,0.078740865,0.023489216
0.05886247866209866,0.07867491,0.023482086
0.05901503780150039,0.066407785,0.02346976
0.05916759694090212,0.06620827,0.023455458
0.05932015608030386,0.064936794,0.023381226
0.05947271521970559,0.062196385,0.023362815
0.05962527435910732,0.08149077,0.02341727
0.05977783349850905,0.07109739,0.023365822
0.05993039263791079,0.07951704,0.023345245
0.06008295177731252,0.07542527,0.023341892
0.06023551091671425,0.08985662,0.023293916
0.06038807005611599,0.082436986,0.023254137
0.06054062919551772,0.07439282,0.02326922
0.06069318833491945,0.06886455,0.023243612
0.06084574747432118,0.08112406,0.023250118
0.06099830661372291,0.0815501,0.023215214
0.06115086575312465,0.078514904,0.023182718
0.06130342489252638,0.081249446,0.023171872
0.06145598403192812,0.07333324,0.02315381
0.06160854317132985,0.06869358,0.02314314
0.06176110231073158,0.064799555,0.023122322
0.06191366145013331,0.073201574,0.023096228
0.06206622058953504,0.07539441,0.023085395
0.062218779728936774,0.06888578,0.023016395
0.06237133886833851,0.07530262,0.023063198
0.06252389800774025,0.07409342,0.02303708
0.06267645714714197,0.07496787,0.023032987
0.0628290162865437,0.077809475,0.022994244
0.06298157542594544,0.067651585,0.022977678
0.06313413456534717,0.077505425,0.022941608
0.0632866937047489,0.08275589,0.022925092
0.06343925284415063,0.08475513,0.022932258
0.06359181198355238,0.0816514,0.022904908
0.0637443711229541,0.0763376,0.022918897
0.06389693026235584,0.07584895,0.022892086
0.06404948940175757,0.07593433,0.022817688
0.0642020485411593,0.07886769,0.022809464
0.06435460768056103,0.06487217,0.022820331
0.06450716681996276,0.07313997,0.02281862
0.0646597259593645,0.07665425,0.022825219
0.06481228509876623,0.06794763,0.02274936
0.06496484423816797,0.07078985,0.022724096
0.0651174033775697,0.082028866,0.022727016
0.06526996251697142,0.068301454,0.02274175
0.06542252165637316,0.059128534,0.022694895
0.06557508079577488,0.07360853,0.022689767
0.06572763993517662,0.075323895,0.022677602
0.06588019907457836,0.07814006,0.022634473
0.0660327582139801,0.07369994,0.022623852
0.06618531735338183,0.06623656,0.022625685
0.06633787649278355,0.07549668,0.022591319
0.06649043563218529,0.07084368,0.022595244
0.06664299477158701,0.074984044,0.022557354
0.06679555391098875,0.065745234,0.022519533
0.06694811305039049,0.06722608,0.022496229
0.06710067218979222,0.07195785,0.02250805
0.06725323132919396,0.07624369,0.02249787
0.06740579046859568,0.07722503,0.022480896
0.06755834960799742,0.07113435,0.022459047
0.06771090874739914,0.06428795,0.022399765
0.06786346788680088,0.06651554,0.022388602
0.06801602702620262,0.06875713,0.022387868
0.06816858616560434,0.07570707,0.022399748
0.06832114530500609,0.07234924,0.022392634
0.06847370444440781,0.06530402,0.022366477
0.06862626358380955,0.07307942,0.022347499
0.06877882272321127,0.06552636,0.022322167
0.06893138186261301,0.061240055,0.02233727
0.06908394100201475,0.06888699,0.022293283
0.06923650014141647,0.07204403,0.022297397
0.06938905928081822,0.06684058,0.0222892
0.06954161842021994,0.07248526,0.022205852
0.06969417755962168,0.05465266,0.0221838
0.0698467366990234,0.05715519,0.022187095
0.06999929583842514,0.06140162,0.02220833
0.07015185497782687,0.06976294,0.022200894
0.0703044141172286,0.06924101,0.022167834
0.07045697325663033,0.072795406,0.02214841
0.07060953239603207,0.0717405,0.022120174
0.07076209153543381,0.07239756,0.022133658
0.07091465067483553,0.07393832,0.022108223
0.07106720981423727,0.07462408,0.022106778
0.071219768953639,0.072096,0.022087755
0.07137232809304073,0.06742528,0.022050543
0.07152488723244246,0.0754475,0.022034204
0.07167744637184419,0.063531525,0.022013245
0.07183000551124594,0.069760755,0.022034451
0.07198256465064766,0.075694665,0.02200872
0.0721351237900494,0.06759436,0.021986142
0.07228768292945113,0.07032912,0.02196776
0.07244024206885286,0.066214986,0.021911627
0.07259280120825459,0.06913358,0.021921825
0.07274536034765632,0.056284666,0.021897161
0.07289791948705805,0.07012688,0.021917965
0.07305047862645979,0.059793785,0.021890325
0.07320303776586153,0.057102367,0.021891331
0.07335559690526326,0.061058827,0.021814955
0.07350815604466499,0.069044106,0.021830674
0.07366071518406672,0.07415,0.021818262
0.07381327432346844,0.07312046,0.021832442
0.07396583346287018,0.059317768,0.02178392
0.07411839260227192,0.06330154,0.02177546
0.07427095174167365,0.06868021,0.021741541
0.07442351088107539,0.07336279,0.021751922
0.07457607002047711,0.064215966,0.021745987
0.07472862915987885,0.053500894,0.021713585
0.07488118829928057,0.06603775,0.021708999
0.07503374743868231,0.06957943,0.02172394
0.07518630657808405,0.06670921,0.02164963
0.07533886571748578,0.063285686,0.021670533
0.07549142485688752,0.07809737,0.02169871
0.07564398399628924,0.060960792,0.021618057
0.07579654313569098,0.06293143,0.021615993
0.07594910227509272,0.05626684,0.02161652
0.07610166141449444,0.07294486,0.021587476
0.07625422055389618,0.07219489,0.02156102
0.0764067796932979,0.078268155,0.021575952
0.07655933883269965,0.06397309,0.021532504
0.07671189797210137,0.0711718,0.02153807
0.07686445711150311,0.07205771,0.021533156
0.07701701625090485,0.06856761,0.02149692
0.07716957539030657,0.07579484,0.021521235
0.0773221345297083,0.065874055,0.021463774
0.07747469366911003,0.0670638,0.021443034
0.07762725280851177,0.06394554,0.021483114
0.0777798119479135,0.07074364,0.021465218
0.07793237108731524,0.074150935,0.021401774
0.07808493022671698,0.07935274,0.021404184
0.0782374893661187,0.06861334,0.02138052
0.07839004850552043,0.06380937,0.021354549
0.07854260764492216,0.057839412,0.021382643
0.0786951667843239,0.07291397,0.0213579
0.07884772592372563,0.058799792,0.021317184
0.07900028506312737,0.05938436,0.021282217
0.0791528442025291,0.06131078,0.021293445
0.07930540334193083,0.053377006,0.02126537
0.07945796248133256,0.072263375,0.021281503
0.07961052162073429,0.07312892,0.021266416
0.07976308076013602,0.059166253,0.021206325
0.07991563989953776,0.06727908,0.021219125
0.0800681990389395,0.059202526,0.021213079
0.08022075817834123,0.05767534,0.021178817
0.08037331731774296,0.06917303,0.021184422
0.0805258764571447,0.05531199,0.021195414
0.08067843559654642,0.0628622,0.02116864
0.08083099473594815,0.05882357,0.02111027
0.08098355387534989,0.06297854,0.021117149
0.08113611301475161,0.05402439,0.02110611
0.08128867215415336,0.054198265,0.02108691
0.08144123129355509,0.054716602,0.021072805
0.08159379043295682,0.061085343,0.021048484
0.08174634957235855,0.06183213,0.021035433
0.08189890871176028,0.052547947,0.021035342
0.08205146785116202,0.07026185,0.021040592
0.08220402699056374,0.057153087,0.021001782
0.08235658612996548,0.05576074,0.020991039
0.08250914526936722,0.059074547,0.020971993
0.08266170440876895,0.061006896,0.020950949
0.08281426354817067,0.061136022,0.02094726
0.08296682268757241,0.05631413,0.020953063
0.08311938182697415,0.06475148,0.020927524
0.08327194096637587,0.064833045,0.020922568
0.08342450010577761,0.059061542,0.020907005
0.08357705924517934,0.06267309,0.020878782
0.08372961838458108,0.05352649,0.020876706
0.0838821775239828,0.055559486,0.020853208
0.08403473666338454,0.061216015,0.02084801
0.08418729580278628,0.0669445,0.02085113
0.084339854942188,0.06543246,0.020809377
0.08449241408158974,0.060226038,0.020782638
0.08464497322099146,0.06407422,0.020804226
0.08479753236039321,0.061302986,0.020790992
0.08495009149979493,0.05840129,0.020781675
0.08510265063919667,0.0640109,0.02077459
0.0852552097785984,0.06550598,0.020749513
0.08540776891800013,0.062126826,0.020698158
0.08556032805740187,0.058249004,0.020706668
0.08571288719680359,0.067238584,0.020720888
0.08586544633620533,0.058682565,0.020696864
0.08601800547560706,0.05593702,0.02067376
0.0861705646150088,0.0624919,0.020684747
0.08632312375441054,0.06392013,0.020666288
0.08647568289381226,0.061638303,0.020644302
0.086628242033214,0.07057066,0.020644266
0.08678080117261572,0.07051219,0.020607911
0.08693336031201745,0.06456391,0.020632265
0.08708591945141919,0.059616175,0.020595768
0.08723847859082093,0.05926139,0.020550806
0.08739103773022266,0.06852597,0.02055156
0.08754359686962439,0.06985142,0.020558327
0.08769615600902612,0.05903127,0.020555422
0.08784871514842785,0.0654143,0.020568112
0.08800127428782958,0.06361548,0.020526944
0.08815383342723132,0.05880633,0.020490708
0.08830639256663306,0.05799318,0.020469569
0.0884589517060348,0.058733888,0.020467743
0.08861151084543652,0.053188328,0.02045528
0.08876406998483825,0.05675318,0.020461483
0.08891662912423998,0.044696916,0.02043743
0.08906918826364171,0.056630906,0.020409824
0.08922174740304345,0.056864493,0.020411994
0.08937430654244517,0.06368442,0.020401435
0.08952686568184692,0.06515084,0.020422244
0.08967942482124865,0.06564659,0.020379657
0.08983198396065038,0.059116744,0.020377351
0.0899845431000521,0.052538015,0.020320019
0.09013710223945384,0.056853954,0.020334173
0.09028966137885558,0.06183056,0.020322947
0.0904422205182573,0.051186778,0.020320682
0.09059477965765904,0.059546206,0.020303214
0.09074733879706078,0.06328402,0.020303803
0.09089989793646251,0.06110061,0.020278053
0.09105245707586423,0.054422975,0.020235954
0.09120501621526597,0.059504125,0.020256693
0.09135757535466771,0.05279175,0.020249393
0.09151013449406943,0.05943927,0.020229375
0.09166269363347117,0.05734449,0.020213109
0.09181525277287289,0.061516814,0.020228455
0.09196781191227464,0.062157802,0.020166203
0.09212037105167636,0.060102735,0.020164127
0.0922729301910781,0.061982367,0.020175664
0.09242548933047984,0.05073476,0.020138832
0.09257804846988156,0.054917797,0.020166673
0.0927306076092833,0.058449794,0.020119945
0.09288316674868502,0.058582556,0.02008714
0.09303572588808677,0.06332136,0.020102752
0.0931882850274885,0.06320688,0.020108571
0.09334084416689023,0.06028409,0.020071175
0.09349340330629197,0.057013478,0.02007371
0.09364596244569369,0.06392146,0.020050345
0.09379852158509543,0.07194599,0.020026973
0.09395108072449715,0.06056783,0.020016368
0.09410363986389889,0.05867716,0.02003169
0.09425619900330062,0.058561217,0.020015249
0.09440875814270236,0.05380963,0.020035747
0.0945613172821041,0.06092944,0.020012598
0.09471387642150582,0.064660214,0.01995385
0.09486643556090756,0.063790925,0.0199631
0.09501899470030928,0.06300355,0.019951224
0.09517155383971102,0.055756915,0.01995154
0.09532411297911275,0.06280393,0.019948717
0.09547667211851449,0.05749029,0.01990435
0.09562923125791623,0.057770114,0.019905925
0.09578179039731795,0.063529745,0.019890353
0.09593434953671968,0.056495775,0.01987846
0.09608690867612141,0.056794204,0.019883186
0.09623946781552314,0.063291326,0.019882595
0.09639202695492488,0.06631136,0.019854933
0.0965445860943266,0.063283704,0.019838134
0.09669714523372835,0.061668627,0.019815441
0.09684970437313008,0.05861752,0.019818982
0.09700226351253181,0.05276001,0.019803708
0.09715482265193354,0.056397207,0.019796763
0.09730738179133527,0.07000032,0.019802688
0.09745994093073701,0.058441617,0.019760214
0.09761250007013873,0.055209022,0.019742658
0.09776505920954047,0.06001026,0.019752774
0.0979176183489422,0.06277655,0.019768126
0.09807017748834394,0.05608053,0.019724686
0.09822273662774567,0.062369224,0.019744202
0.0983752957671474,0.05401919,0.019677456
0.09852785490654914,0.0576506,0.019669699
0.09868041404595086,0.0625475,0.019682756
0.0988329731853526,0.053037006,0.01967141
0.09898553232475434,0.05706193,0.01966265
0.09913809146415607,0.05673553,0.01964226
0.0992906506035578,0.06345586,0.019612126
0.09944320974295953,0.05922309,0.019612398
0.09959576888236127,0.058802385,0.019611536
0.09974832802176299,0.06321202,0.019601628
0.09990088716116473,0.06113161,0.019600943
0.10005344630056645,0.06112167,0.019600194
0.10020600543996819,0.051486995,0.019553931
0.10035856457936992,0.06217774,0.019551944
0.10051112371877165,0.061145738,0.01953467
0.10066368285817338,0.05759074,0.019520894
0.10081624199757513,0.061022837,0.019532382
0.10096880113697687,0.053188615,0.019506676
0.1011213602763786,0.060075317,0.019497506
0.10127391941578033,0.061425816,0.019489475
0.10142647855518205,0.052758053,0.019475017
0.10157903769458379,0.058047187,0.019480152
0.10173159683398553,0.054999467,0.019458128
0.10188415597338725,0.061223682,0.019459916
0.10203671511278899,0.059260175,0.019444386
0.10218927425219071,0.056121264,0.019401463
0.10234183339159245,0.06265148,0.019402815
0.10249439253099418,0.051603902,0.019408468
0.1026469516703959,0.051793016,0.019383643
0.10279951080979764,0.059101403,0.019398399
0.10295206994919937,0.055193346,0.019373752
0.10310462908860113,0.06400883,0.019340828
0.10325718822800285,0.0629596,0.01934684
0.10340974736740459,0.06142732,0.019357165
0.10356230650680631,0.06519308,0.019345777
0.10371486564620805,0.065442696,0.019318901
0.10386742478560979,0.055429615,0.019291697
0.10401998392501151,0.058279954,0.019285418
0.10417254306441324,0.060867608,0.01930152
0.10432510220381497,0.06289561,0.019301327
0.1044776613432167,0.0663621,0.019265696
0.10463022048261844,0.063635595,0.01928111
0.10478277962202016,0.06942752,0.019256227
0.1049353387614219,0.053976864,0.019212961
0.10508789790082362,0.053210225,0.019214088
0.10524045704022536,0.06293915,0.019228982
0.1053930161796271,0.06721279,0.019211467
0.10554557531902885,0.06604361,0.019229298
0.10569813445843057,0.06318184,0.01917571
0.10585069359783231,0.059074875,0.01914813
0.10600325273723404,0.063702494,0.019161982
0.10615581187663577,0.064273916,0.019168135
0.1063083710160375,0.059501503,0.019135132
0.10646093015543923,0.055917542,0.019139748
0.10661348929484096,0.05442018,0.019117165
0.1067660484342427,0.059944544,0.019088635
0.10691860757364442,0.05596097,0.01909105
0.10707116671304616,0.06176723,0.01909809
0.10722372585244788,0.061275143,0.019079605
0.10737628499184962,0.05710469,0.01933077
0.10752884413125136,0.05663497,0.019622296
0.10768140327065308,0.056167055,0.019839698
0.10783396241005483,0.062158052,0.020026682
0.10798652154945657,0.05879042,0.020184774
0.1081390806888583,0.05854825,0.020299518
0.10829163982826003,0.05475174,0.020366764
0.10844419896766176,0.052789815,0.020432025
0.10859675810706348,0.056005247,0.020829435
0.10874931724646522,0.04969169,0.021398086
0.10890187638586696,0.054302946,0.021783803
0.10905443552526868,0.062774934,0.022139413
0.10920699466467042,0.063091286,0.022443954
0.10935955380407214,0.059263386,0.022711772
0.10951211294347388,0.066063344,0.023005238
0.10966467208287561,0.06105237,0.023273565
0.10981723122227734,0.048148654,0.023535373
0.10996979036167907,0.06800371,0.023838652
0.1101223495010808,0.06451281,0.024103852
0.11027490864048256,0.07369127,0.024352323
0.11042746777988428,0.06351809,0.024569679
0.11058002691928602,0.06283945,0.024830028
0.11073258605868774,0.06513678,0.025113327
0.11088514519808948,0.06560927,0.025359416
0.11103770433749122,0.05917351,0.025631394
0.11119026347689294,0.044827543,0.025879223
0.11134282261629468,0.048759285,0.026116261
0.1114953817556964,0.05361339,0.026393872
0.11164794089509814,0.054623645,0.02662978
0.11180050003449987,0.052643664,0.026837585
0.1119530591739016,0.06289137,0.027008874
0.11210561831330333,0.059856307,0.027145702
0.11225817745270505,0.051178318,0.027277246
0.11241073659210679,0.071405366,0.027395215
0.11256329573150854,0.064560704,0.027496874
0.11271585487091028,0.07536053,0.027632177
0.112868414010312,0.052358054,0.02777694
0.11302097314971374,0.052264176,0.027833255
0.11317353228911547,0.059673734,0.027954265
0.1133260914285172,0.046893965,0.028040214
0.11347865056791893,0.05381764,0.028099349
0.11363120970732066,0.052225,0.028150538
0.1137837688467224,0.05913743,0.028221318
0.11393632798612413,0.060915444,0.02821713
0.11408888712552585,0.06889893,0.028276993
0.11424144626492759,0.049506772,0.028319187
0.11439400540432931,0.056960635,0.028352568
0.11454656454373105,0.055039078,0.028416771
0.11469912368313279,0.059559327,0.02841171
0.11485168282253451,0.04785236,0.028438916
0.11500424196193626,0.04401058,0.028484147
0.115156801101338,0.06067459,0.028572813
0.11530936024073973,0.062161922,0.028733427
0.11546191938014146,0.057506587,0.02879798
0.11561447851954319,0.041642845,0.028902704
0.11576703765894492,0.052638754,0.028979877
0.11591959679834665,0.074652925,0.02908778
0.11607215593774839,0.061242234,0.02919906
0.11622471507715011,0.059664834,0.029286224
0.11637727421655185,0.04772986,0.029417986
0.11652983335595357,0.05209089,0.029489558
0.11668239249535531,0.05242273,0.029588858
0.11683495163475704,0.046195343,0.029699802
0.11698751077415877,0.04324104,0.029798716
0.1171400699135605,0.04980119,0.02986318
0.11729262905296226,0.054904375,0.029992769
0.11744518819236399,0.038971975,0.03007612
0.11759774733176571,0.040920053,0.030173684
0.11775030647116745,0.045326054,0.030321674
0.11790286561056917,0.04167382,0.030363305
0.11805542474997091,0.039442714,0.030476738
0.11820798388937265,0.056364633,0.030613657
0.11836054302877437,0.06726577,0.03066794
0.11851310216817611,0.04459012,0.030780373
0.11866566130757783,0.036374003,0.03088914
0.11881822044697957,0.039249193,0.030998677
0.1189707795863813,0.042345572,0.031131249
0.11912333872578303,0.0509194,0.031204646
0.11927589786518476,0.049179364,0.031305566
0.11942845700458649,0.06856402,0.031428196
0.11958101614398822,0.05201908,0.031529263
0.11973357528338997,0.04968782,0.031605914
0.11988613442279171,0.061519247,0.031735264
0.12003869356219343,0.05637282,0.0318285
0.12019125270159517,0.043647245,0.031915825
0.1203438118409969,0.04805571,0.032048084
0.12049637098039863,0.0591798,0.03216953
0.12064893011980037,0.046347797,0.032242507
0.12080148925920209,0.056352314,0.032370865
0.12095404839860383,0.058816746,0.032462794
0.12110660753800556,0.049382396,0.032564197
0.12125916667740728,0.05022077,0.0326956
0.12141172581680902,0.05142986,0.032768715
0.12156428495621074,0.06907213,0.033000927
0.12171684409561248,0.060000945,0.033013806
0.12186940323501422,0.06214025,0.033125307
0.12202196237441594,0.056926437,0.033243567
0.12217452151381769,0.059695262,0.03332183
0.12232708065321943,0.06651318,0.033484813
0.12247963979262116,0.046884485,0.033556618
0.12263219893202289,0.026673937,0.03365284
0.12278475807142462,0.04727535,0.03380695
0.12293731721082635,0.047078542,0.033915427
0.12308987635022808,0.051646132,0.034000132
0.12324243548962982,0.04214792,0.034136448
0.12339499462903154,0.040578846,0.034238186
0.12354755376843328,0.03802371,0.034342337
0.123700112907835,0.054724038,0.034493454
0.12385267204723674,0.061451036,0.034603946
0.12400523118663848,0.045482337,0.034692295
0.1241577903260402,0.053740352,0.0348279
0.12431034946544194,0.05257025,0.034946542
0.12446290860484369,0.0401923,0.035064902
0.12461546774424542,0.028145296,0.035190456
0.12476802688364715,0.03626206,0.035296604
0.12492058602304888,0.046417136,0.035458356
0.1250731451624506,0.032723665,0.035558287
0.12522570430185234,0.030120213,0.03566245
0.12537826344125408,0.044991456,0.035830773
0.12553082258065582,0.04186238,0.03599711
0.12568338172005752,0.040679473,0.03603751
0.12583594085945926,0.044954102,0.036211673
0.125988499998861,0.056746867,0.036394197
0.12614105913826273,0.049111575,0.03643224
0.12629361827766447,0.033605635,0.03661097
0.12644617741706618,0.03604024,0.036694817
0.12659873655646792,0.043081135,0.036811814
0.12675129569586965,0.04847111,0.036965553
0.12690385483527142,0.037571296,0.037088245
0.12705641397467313,0.03970456,0.037214175
0.12720897311407486,0.03705344,0.037370734
0.1273615322534766,0.037233613,0.037530832
0.12751409139287834,0.064012595,0.037625384
0.12766665053228007,0.05550133,0.03778368
0.12781920967168178,0.049057145,0.037898846
0.12797176881108352,0.049237847,0.038244046
0.12812432795048526,0.045142867,0.03831387
0.128276887089887,0.044086177,0.03832069
0.12842944622928873,0.03368623,0.038487606
0.12858200536869044,0.0381548,0.038650196
0.12873456450809218,0.032816898,0.03875316
0.1288871236474939,0.046514254,0.038921796
0.12903968278689565,0.041882187,0.039082456
0.12919224192629739,0.047779065,0.039266787
0.12934480106569912,0.024441414,0.039415013
0.12949736020510086,0.036754273,0.039552044
0.1296499193445026,0.03497054,0.039660998
0.12980247848390433,0.045716863,0.03983848
0.12995503762330604,0.030622736,0.03997219
0.13010759676270778,0.043357443,0.040127985
0.13026015590210951,0.027341476,0.040312484
0.13041271504151125,0.027779387,0.04044765
0.130565274180913,0.053827547,0.040652566
0.1307178333203147,0.053287443,0.04079666
0.13087039245971643,0.05642028,0.040929142
0.13102295159911817,0.050179645,0.041112114
0.1311755107385199,0.049374197,0.04135134
0.13132806987792164,0.049068555,0.041470207
0.13148062901732335,0.028782517,0.04162686
0.13163318815672512,0.031648416,0.041799106
0.13178574729612685,0.042348742,0.041949566
0.1319383064355286,0.026950197,0.04215606
0.1320908655749303,0.05418725,0.042320244
0.13224342471433204,0.040423736,0.04248522
0.13239598385373377,0.037717156,0.042768735
0.1325485429931355,0.0369622,0.042928986
0.13270110213253725,0.028568888,0.04303835
0.13285366127193896,0.024446862,0.043257333
0.1330062204113407,0.0373344,0.043453228
0.13315877955074243,0.017769607,0.043616228
0.13331133869014417,0.023483781,0.043830007
0.1334638978295459,0.033338223,0.043985162
0.1336164569689476,0.036742203,0.04420392
0.13376901610834935,0.037199605,0.044456214
0.1339215752477511,0.032171585,0.04458263
0.13407413438715285,0.0423351,0.04484415
0.13422669352655456,0.042520262,0.04503925
0.1343792526659563,0.032967307,0.045200564
0.13453181180535803,0.048862446,0.04544969
0.13468437094475977,0.046548557,0.04564899
0.1348369300841615,0.02808864,0.045843847
0.1349894892235632,0.042128988,0.04610459
0.13514204836296495,0.030526893,0.04629562
0.1352946075023667,0.023570431,0.04651201
0.13544716664176842,0.031523496,0.046780393
0.13559972578117016,0.03860087,0.046966683
0.13575228492057187,0.028731877,0.047206532
0.1359048440599736,0.029051106,0.04747826
0.13605740319937534,0.017596552,0.0476659
0.13620996233877708,0.025039472,0.04793066
0.13636252147817882,0.0341535,0.048200343
0.13651508061758055,0.02470052,0.048397753
0.1366676397569823,0.015678694,0.04868641
0.13682019889638403,0.013774671,0.04894816
0.13697275803578576,0.03380586,0.04916256
0.13712531717518747,0.021279735,0.049472593
0.1372778763145892,0.02970465,0.04972376
0.13743043545399095,0.0384991,0.049962297
0.13758299459339268,0.04809209,0.05029077
0.13773555373279442,0.04905416,0.05053185
0.13788811287219613,0.047810808,0.050799362
0.13804067201159786,0.056424998,0.051141646
0.1381932311509996,0.059613567,0.051389437
0.13834579029040134,0.032530133,0.05174313
0.13849834942980307,0.03485604,0.052027002
0.1386509085692048,0.031423286,0.052263755
0.13880346770860655,0.023047617,0.05259845
0.13895602684800828,0.024283338,0.05294905
0.13910858598741002,0.0361468,0.053197943
0.13926114512681173,0.03255327,0.0535678
0.13941370426621347,0.025117036,0.053912006
0.1395662634056152,0.027641771,0.05418325
0.13971882254501694,0.011677264,0.05458614
0.13987138168441868,0.0144054005,0.054920096
0.1400239408238204,0.019991657,0.05522589
0.14017649996322212,0.03434499,0.055658095
0.14032905910262386,0.010763447,0.055978835
0.1404816182420256,0.018512817,0.056325037
0.14063417738142733,0.03120053,0.05678258
0.14078673652082904,0.029607886,0.057098225
0.14093929566023078,0.022838807,0.05761996
0.14109185479963254,0.010419131,0.057971057
0.14124441393903428,0.012823455,0.058281314
0.141396973078436,0.029530216,0.058729
0.14154953221783773,0.021707386,0.059213378
0.14170209135723946,0.009424878,0.059641387
0.1418546504966412,0.0055055954,0.060064312
0.14200720963604294,0.017995216,0.06052773
0.14215976877544464,0.012446582,0.060895238
0.14231232791484638,0.023082962,0.061452683
0.14246488705424812,0.03690611,0.061924353
0.14261744619364985,0.030385882,0.06233962
0.1427700053330516,0.019504169,0.06295047
