#DAT file by SAXSII - Timestamp: 09/12/2024 14:40:47
radial-q_A^-1,intensity,sigma
0.00012720999243161018,6550480.0,839.0408
0.0002797691318333428,6294009.5,543.73425
0.00043232827123507536,6012774.0,428.16653
0.000584887410636808,5636155.5,352.6225
0.0007374465500385405,5175083.5,297.94403
0.0008900056894402731,4652626.0,256.7259
0.0010425648288420058,4098081.2,222.9185
0.0011951239682437384,3548963.0,195.82484
0.001347683107645471,3000017.5,171.41144
0.0015002422470472036,2454868.0,146.23637
0.001652801386448936,1938482.4,122.15348
0.0018053605258506686,1473727.5,100.96392
0.0019579196652524016,1078071.1,82.84105
0.002110478804654134,752435.3,67.404335
0.0022630379440558668,501167.72,54.074574
0.002415597083457599,316962.0,41.63579
0.002568156222859332,191010.86,30.822763
0.0027207153622610643,113107.07,22.77876
0.0028732745016627967,65543.47,16.80003
0.0030258336410645295,37053.766,12.380369
0.003178392780466262,20652.49,9.177866
0.0033309519198679947,10888.598,6.513726
0.003483511059269727,5501.648,4.4874954
0.0036360701986714594,2672.7756,3.0489492
0.0037886293380731927,1240.2375,2.019315
0.003941188477474925,566.5078,1.3456719
0.004093747616876658,249.01889,0.87865835
0.004246306756278391,110.13735,0.577185
0.004398865895680123,48.47135,0.37412268
0.004551425035081855,21.972288,0.24780288
0.004703984174483589,10.027933,0.16517837
0.004856543313885321,4.8597345,0.11428423
0.005009102453287053,2.562805,0.084041044
0.005161661592688786,1.6963594,0.06919186
0.005314220732090518,1.3855159,0.06329308
0.005466779871492251,1.1376702,0.058694392
0.005619339010893984,1.0398058,0.05672919
0.005771898150295716,1.0198437,0.05580695
0.0059244572896974485,0.8059664,0.052425224
0.006077016429099181,0.82724637,0.05131592
0.006229575568500914,0.7492121,0.050379682
0.006382134707902647,0.64785224,0.049076565
0.00653469384730438,0.5853277,0.047092885
0.006687252986706112,0.5793526,0.0470772
0.0068398121261078445,0.5430326,0.04570493
0.006992371265509577,0.51246107,0.045458004
0.00714493040491131,0.45748603,0.04396085
0.0072974895443130424,0.46887696,0.04407441
0.0074500486837147765,0.4524889,0.043247253
0.007602607823116509,0.4276136,0.04246097
0.007755166962518241,0.39893487,0.04176526
0.007907726101919975,0.3607443,0.041450627
0.008060285241321706,0.37906146,0.04096121
0.00821284438072344,0.34217042,0.040618915
0.00836540352012517,0.37111172,0.040773023
0.008517962659526904,0.34164268,0.039636217
0.008670521798928637,0.3799278,0.03961088
0.008823080938330369,0.296503,0.038939618
0.008975640077732102,0.31649864,0.038779832
0.009128199217133834,0.31452373,0.038383096
0.009280758356535567,0.25738573,0.03798742
0.0094333174959373,0.23556326,0.037363075
0.009585876635339032,0.2614941,0.037367973
0.009738435774740765,0.26760355,0.036971442
0.009890994914142498,0.25331253,0.03643234
0.01004355405354423,0.23732938,0.03622241
0.010196113192945963,0.23860085,0.035831563
0.010348672332347694,0.24639647,0.035461556
0.010501231471749427,0.24597366,0.03542879
0.01065379061115116,0.2493909,0.035166316
0.010806349750552892,0.2263329,0.034849275
0.010958908889954625,0.23582499,0.034341536
0.011111468029356357,0.22861272,0.034343462
0.01126402716875809,0.238078,0.034080755
0.011416586308159823,0.2193473,0.03390442
0.011569145447561555,0.19911411,0.03374613
0.011721704586963288,0.21117873,0.03347285
0.01187426372636502,0.19429167,0.033105128
0.012026822865766753,0.21004713,0.03287188
0.012179382005168486,0.2315831,0.032851145
0.012331941144570218,0.2064322,0.032522015
0.012484500283971953,0.1730703,0.032347646
0.012637059423373682,0.18007763,0.032047253
0.012789618562775416,0.21813807,0.03198903
0.012942177702177147,0.15671703,0.031584967
0.01309473684157888,0.17425002,0.03152957
0.013247295980980612,0.17467141,0.031393077
0.013399855120382345,0.16216847,0.031131519
0.013552414259784077,0.16730528,0.03089986
0.013704973399185812,0.1714175,0.030669808
0.013857532538587541,0.16858518,0.030593364
0.014010091677989276,0.15474093,0.030400978
0.014162650817391008,0.16707654,0.030302685
0.014315209956792741,0.1833641,0.030280707
0.014467769096194473,0.15711848,0.029974375
0.014620328235596206,0.14068232,0.029703775
0.01477288737499794,0.17038809,0.029543445
0.01492544651439967,0.1762728,0.029571248
0.015078005653801406,0.17185515,0.029402932
0.015230564793203137,0.16967273,0.029291017
0.01538312393260487,0.17105894,0.029065574
0.015535683072006602,0.18595992,0.028917585
0.015688242211408337,0.14977765,0.02867747
0.015840801350810067,0.13350415,0.028544266
0.0159933604902118,0.14243284,0.028441882
0.016145919629613533,0.14090125,0.028318
0.016298478769015266,0.15387583,0.028254548
0.016451037908416996,0.14023912,0.028016368
0.01660359704781873,0.13613844,0.027871756
0.016756156187220463,0.14705834,0.027801555
0.016908715326622196,0.13879953,0.027726492
0.017061274466023926,0.14922893,0.02752885
0.017213833605425662,0.14242584,0.027470436
0.017366392744827392,0.14606078,0.027271543
0.017518951884229125,0.13608815,0.02711196
0.01767151102363086,0.15358108,0.027108684
0.017824070163032592,0.14130217,0.026956651
0.01797662930243432,0.13810293,0.026901925
0.018129188441836055,0.13893309,0.026728425
0.018281747581237788,0.12339722,0.02653405
0.01843430672063952,0.133783,0.026422454
0.01858686586004125,0.12975386,0.026290586
0.018739424999442988,0.13022938,0.026276093
0.018891984138844718,0.11885824,0.026120476
0.01904454327824645,0.11641733,0.0260564
0.019197102417648184,0.11465802,0.025893671
0.019349661557049917,0.1285075,0.02584041
0.019502220696451647,0.11977941,0.025691787
0.019654779835853384,0.11828835,0.025665428
0.019807338975255117,0.113499805,0.025552176
0.019959898114656847,0.1197518,0.025431786
0.02011245725405858,0.12346866,0.025376227
0.020265016393460313,0.11337437,0.025212614
0.020417575532862046,0.104811825,0.025122818
0.020570134672263776,0.12447033,0.025053047
0.020722693811665513,0.11360433,0.024964754
0.020875252951067243,0.11804177,0.024875345
0.021027812090468976,0.11210897,0.024758687
0.02118037122987071,0.12619671,0.024630316
0.021332930369272442,0.13880521,0.02461535
0.021485489508674172,0.12199663,0.024506455
0.021638048648075905,0.12715477,0.024452545
0.02179060778747764,0.11400308,0.024357587
0.021943166926879372,0.120425045,0.024268074
0.0220957260662811,0.124915935,0.024153318
0.02224828520568284,0.1104504,0.024047703
0.022400844345084568,0.11471948,0.024051864
0.0225534034844863,0.110515706,0.023888575
0.022705962623888035,0.12665698,0.023876918
0.022858521763289768,0.10534862,0.023734137
0.023011080902691498,0.109543376,0.023636496
0.02316364004209323,0.1218547,0.023595147
0.023316199181494964,0.11471011,0.023509951
0.023468758320896697,0.11431856,0.023453975
0.023621317460298427,0.114966705,0.023386175
0.023773876599700164,0.12202556,0.023313839
0.023926435739101894,0.10926452,0.023191916
0.024078994878503627,0.105664395,0.023124319
0.02423155401790536,0.12733808,0.02316878
0.024384113157307093,0.11572076,0.023034519
0.024536672296708823,0.111155264,0.022938581
0.024689231436110556,0.100514464,0.022860352
0.024841790575512293,0.1013207,0.022762958
0.024994349714914023,0.115364484,0.022701915
0.025146908854315753,0.11067838,0.022645038
0.02529946799371749,0.09921425,0.022563627
0.025452027133119223,0.10720203,0.022510746
0.025604586272520952,0.103582375,0.022487188
0.025757145411922686,0.10090814,0.022344545
0.025909704551324422,0.1111719,0.02228036
0.026062263690726152,0.08877361,0.022220634
0.026214822830127882,0.096699916,0.022167265
0.026367381969529615,0.114876606,0.022142403
0.026519941108931352,0.113134325,0.022040438
0.02667250024833308,0.119094424,0.021984292
0.026825059387734815,0.11142666,0.021897366
0.026977618527136545,0.12700976,0.021872405
0.02713017766653828,0.105018295,0.02185128
0.02728273680594001,0.10060374,0.021758176
0.027435295945341744,0.12723835,0.021819191
0.027587855084743474,0.11029401,0.021995608
0.02774041422414521,0.11398829,0.0220863
0.027892973363546944,0.104485646,0.022141505
0.028045532502948674,0.09471641,0.022157108
0.028198091642350404,0.09398351,0.022183016
0.02835065078175214,0.09952543,0.02226216
0.028503209921153874,0.10697815,0.02227096
0.028655769060555603,0.11179093,0.02226587
0.028808328199957337,0.088192314,0.022233283
0.028960887339359073,0.11583485,0.022270147
0.029113446478760803,0.092081964,0.02226963
0.029266005618162533,0.09114386,0.02230094
0.02941856475756427,0.09223958,0.022273954
0.029571123896966003,0.084765635,0.022251844
0.029723683036367732,0.09027911,0.022231549
0.029876242175769466,0.094489604,0.02223062
0.030028801315171202,0.09973353,0.022209717
0.030181360454572932,0.10655061,0.022285266
0.030333919593974662,0.10492174,0.022243036
0.030486478733376395,0.097462095,0.022191087
0.030639037872778132,0.09151693,0.022294762
0.03079159701217986,0.08282791,0.02258701
0.030944156151581595,0.103224896,0.022824362
0.031096715290983325,0.100340515,0.022932488
0.03124927443038506,0.09493113,0.023032237
0.03140183356978679,0.09601736,0.02312428
0.03155439270918852,0.1162657,0.023235293
0.03170695184859026,0.08729407,0.023291523
0.031859510987991994,0.08653987,0.023316605
0.032012070127393724,0.097707614,0.023434335
0.032164629266795454,0.0943873,0.02348977
0.032317188406197184,0.11030217,0.023551865
0.03246974754559892,0.09118383,0.02359156
0.03262230668500065,0.08912066,0.023632623
0.03277486582440239,0.08097856,0.02367001
0.03292742496380412,0.090303876,0.023719886
0.03307998410320585,0.09329507,0.023835685
0.03323254324260758,0.08829981,0.023830486
0.03338510238200931,0.10093309,0.023854852
0.03353766152141104,0.08807171,0.023894245
0.03369022066081278,0.09564579,0.02392989
0.033842779800214516,0.09743131,0.024017558
0.033995338939616246,0.092079006,0.02407417
0.034147898079017976,0.083738916,0.02404269
0.03430045721841971,0.08765581,0.02408119
0.03445301635782144,0.09756208,0.024172539
0.03460557549722317,0.09370021,0.024145033
0.03475813463662491,0.094614714,0.0241789
0.034910693776026645,0.08757759,0.024219755
0.035063252915428375,0.09127853,0.024281075
0.035215812054830105,0.09673605,0.024257695
0.03536837119423184,0.092362255,0.024282193
0.03552093033363357,0.09142012,0.024373146
0.0356734894730353,0.09400248,0.024392255
0.03582604861243704,0.08921129,0.024378993
0.035978607751838775,0.095600806,0.02438545
0.036131166891240504,0.08882532,0.02438821
0.036283726030642234,0.10387486,0.024462821
0.036436285170043964,0.09917856,0.02451921
0.0365888443094457,0.09137663,0.025012165
0.03674140344884743,0.077271536,0.025409121
0.03689396258824917,0.08800414,0.02566547
0.0370465217276509,0.08689069,0.025846707
0.037199080867052634,0.085275315,0.026024887
0.03735164000645436,0.08422958,0.026207367
0.03750419914585609,0.09341582,0.026421642
0.03765675828525783,0.09436724,0.026633812
0.037809317424659566,0.10088418,0.026853697
0.037961876564061296,0.09271873,0.026965773
0.038114435703463026,0.09815357,0.027082328
0.038266994842864756,0.08219625,0.027206922
0.03841955398226649,0.07859228,0.027365496
0.03857211312166822,0.0822757,0.027602507
0.03872467226106996,0.08333425,0.027791407
0.03887723140047169,0.0899834,0.027959552
0.039029790539873425,0.070114166,0.027955707
0.039182349679275155,0.082700066,0.02809112
0.039334908818676885,0.07560109,0.028232083
0.03948746795807862,0.08352988,0.028477177
0.03964002709748035,0.094758525,0.028717956
0.03979258623688209,0.083597206,0.028810304
0.03994514537628382,0.08718396,0.028917586
0.040097704515685555,0.078774996,0.02896621
0.040250263655087284,0.09498986,0.029127475
0.040402822794489014,0.08226499,0.029335031
0.040555381933890744,0.080113515,0.029597031
0.04070794107329248,0.10072991,0.029710906
0.04086050021269422,0.09104505,0.029777043
0.04101305935209595,0.07448078,0.029823773
0.04116561849149768,0.09044018,0.030000882
0.041318177630899414,0.080848366,0.030171549
0.04147073677030114,0.078750744,0.02993994
0.04162329590970287,0.07591928,0.029126033
0.04177585504910461,0.070487306,0.028761305
0.04192841418850635,0.07040031,0.028513404
0.042080973327908076,0.092473224,0.028371273
0.042233532467309806,0.081480674,0.028159775
0.042386091606711536,0.07051534,0.027981693
0.04253865074611327,0.08536448,0.027851487
0.042691209885515,0.070432834,0.027680794
0.04284376902491674,0.093633726,0.027644409
0.04299632816431847,0.08692449,0.027565278
0.043148887303720206,0.08876152,0.027524004
0.043301446443121935,0.07392076,0.027414955
0.043454005582523665,0.080685645,0.027318232
0.043606564721925395,0.07514222,0.027172953
0.04375912386132713,0.09645371,0.027157506
0.04391168300072887,0.10471026,0.027168427
0.0440642421401306,0.07675177,0.027036753
0.044216801279532335,0.06894375,0.026975732
0.044369360418934065,0.09010463,0.026948266
0.044521919558335794,0.082812086,0.026827563
0.044674478697737524,0.088669136,0.026795171
0.04482703783713926,0.084954806,0.026771901
0.044979596976541,0.07819199,0.026676847
0.04513215611594273,0.07792712,0.026625702
0.04528471525534446,0.080957726,0.026586976
0.045437274394746194,0.0761693,0.026537655
0.045589833534147924,0.0674418,0.026473362
0.04574239267354965,0.07657308,0.026411513
0.04589495181295139,0.06495806,0.026309244
0.04604751095235313,0.08198669,0.026293183
0.046200070091754857,0.077324584,0.026178172
0.046352629231156586,0.06378107,0.02605097
0.046505188370558316,0.068623014,0.026011504
0.04665774750996005,0.07929131,0.026006501
0.04681030664936178,0.0794533,0.025886312
0.04696286578876352,0.076282784,0.025848215
0.04711542492816525,0.07752875,0.025776375
0.047267984067566986,0.07983732,0.025681721
0.047420543206968715,0.072563395,0.025637982
0.047573102346370445,0.08743875,0.025612865
0.047725661485772175,0.08983156,0.025503973
0.04787822062517391,0.08862789,0.025476757
0.04803077976457565,0.082044944,0.025351722
0.04818333890397738,0.086904466,0.02528555
0.04833589804337911,0.08634733,0.025244577
0.048488457182780845,0.07273829,0.025201647
0.048641016322182574,0.06704122,0.025119983
0.048793575461584304,0.06545836,0.025083892
0.04894613460098604,0.07603089,0.025034022
0.04909869374038778,0.08420152,0.024906836
0.04925125287978951,0.07943438,0.024865933
0.04940381201919124,0.066809215,0.024825234
0.049556371158592974,0.06493336,0.024797007
0.049708930297994704,0.075955585,0.024728777
0.04986148943739643,0.075762846,0.024707714
0.05001404857679817,0.07882463,0.02466726
0.0501666077161999,0.07952657,0.02464001
0.05031916685560163,0.08430839,0.024641547
0.05047172599500337,0.073379055,0.02462612
0.0506242851344051,0.07777642,0.024604835
0.05077684427380683,0.075154975,0.024578456
0.05092940341320856,0.06581471,0.024549654
0.0510819625526103,0.06477265,0.024487672
0.05123452169201203,0.06613307,0.024477815
0.05138708083141376,0.083456285,0.024507714
0.05153963997081549,0.07365441,0.024459857
0.05169219911021723,0.07462806,0.024443964
0.05184475824961896,0.073755495,0.02439158
0.05199731738902069,0.06969706,0.024357498
0.05214987652842243,0.0753953,0.024349516
0.05230243566782416,0.07824982,0.024351751
0.05245499480722589,0.07338831,0.024345608
0.05260755394662762,0.06384265,0.024311109
0.05276011308602935,0.0770561,0.024267225
0.05291267222543109,0.07221,0.0242575
0.05306523136483282,0.07034534,0.024215061
0.05321779050423456,0.06021916,0.02420928
0.05337034964363629,0.06511505,0.02418516
0.05352290878303802,0.07189156,0.024193505
0.05367546792243975,0.07229448,0.024137715
0.05382802706184148,0.07396178,0.024119934
0.05398058620124322,0.059125055,0.024102738
0.05413314534064495,0.07063757,0.024089389
0.05428570448004669,0.07450523,0.024062304
0.05443826361944842,0.047556978,0.024038024
0.05459082275885015,0.06844463,0.023996387
0.054743381898251876,0.083213,0.023977827
0.054895941037653606,0.073798984,0.023961514
0.05504850017705534,0.06226875,0.023942508
0.05520105931645708,0.06273022,0.023925517
0.055353618455858816,0.084890984,0.023948217
0.055506177595260546,0.078999974,0.023891833
0.055658736734662276,0.083544165,0.023860453
0.055811295874064006,0.06781546,0.023829164
0.055963855013465735,0.07257174,0.023833456
0.05611641415286747,0.06676265,0.023824079
0.0562689732922692,0.07831193,0.023831252
0.056421532431670945,0.081866935,0.02378605
0.056574091571072675,0.07667237,0.023722496
0.056726650710474405,0.073105976,0.023746947
0.056879209849876135,0.0723445,0.023734212
0.057031768989277865,0.067146264,0.023686538
0.0571843281286796,0.08816772,0.023707757
0.05733688726808133,0.07091612,0.02369575
0.05748944640748306,0.07189076,0.02363004
0.057642005546884804,0.07865093,0.023622252
0.057794564686286534,0.08605112,0.023608211
0.057947123825688264,0.07592892,0.023610886
0.058099682965089994,0.06814074,0.02359031
0.05825224210449173,0.07162111,0.023553984
0.05840480124389346,0.06777392,0.023514042
0.05855736038329519,0.0715862,0.023515394
0.058709919522696934,0.068558194,0.023486473
0.05886247866209866,0.071200766,0.023460919
0.05901503780150039,0.07636598,0.023460543
0.05916759694090212,0.071146704,0.023442874
0.05932015608030386,0.07587291,0.023382591
0.05947271521970559,0.07805112,0.02337433
0.05962527435910732,0.07165493,0.023400329
0.05977783349850905,0.08014234,0.023334725
0.05993039263791079,0.08566528,0.023377465
0.06008295177731252,0.069815375,0.023320189
0.06023551091671425,0.0660099,0.023286698
0.06038807005611599,0.064261355,0.023250721
0.06054062919551772,0.071606256,0.02325794
0.06069318833491945,0.073257126,0.023278087
0.06084574747432118,0.078867055,0.023249406
0.06099830661372291,0.08090821,0.023203872
0.06115086575312465,0.07544218,0.02317222
0.06130342489252638,0.07668954,0.023187052
0.06145598403192812,0.0788943,0.023173396
0.06160854317132985,0.06352531,0.023148745
0.06176110231073158,0.06488179,0.023114678
0.06191366145013331,0.06683008,0.023094267
0.06206622058953504,0.06896326,0.023069503
0.062218779728936774,0.07958366,0.023059571
0.06237133886833851,0.07798016,0.023032228
0.06252389800774025,0.058234055,0.023015859
0.06267645714714197,0.061244823,0.023009192
0.0628290162865437,0.0579794,0.022995876
0.06298157542594544,0.06044235,0.022960532
0.06313413456534717,0.06506085,0.022947889
0.0632866937047489,0.05799756,0.022939978
0.06343925284415063,0.07362623,0.02292576
0.06359181198355238,0.06729991,0.02293155
0.0637443711229541,0.07004379,0.022927597
0.06389693026235584,0.06957006,0.022856412
0.06404948940175757,0.06533821,0.0228054
0.0642020485411593,0.06894153,0.022823436
0.06435460768056103,0.06190438,0.02280573
0.06450716681996276,0.0703094,0.022788914
0.0646597259593645,0.07450841,0.022804324
0.06481228509876623,0.071525104,0.022762047
0.06496484423816797,0.07470582,0.022730151
0.0651174033775697,0.081073396,0.022722298
0.06526996251697142,0.06676189,0.022696814
0.06542252165637316,0.056484044,0.022689689
0.06557508079577488,0.05927202,0.02267152
0.06572763993517662,0.057231396,0.022652369
0.06588019907457836,0.060069393,0.022630109
0.0660327582139801,0.06348701,0.022624923
0.06618531735338183,0.076097585,0.022634579
0.06633787649278355,0.07245374,0.022596158
0.06649043563218529,0.06574847,0.022571081
0.06664299477158701,0.06568618,0.022565609
0.06679555391098875,0.07433966,0.022519028
0.06694811305039049,0.06873582,0.022501541
0.06710067218979222,0.06355029,0.022511503
0.06725323132919396,0.07502735,0.022500895
0.06740579046859568,0.06913881,0.022499157
0.06755834960799742,0.086437844,0.022472136
0.06771090874739914,0.084716685,0.022429185
0.06786346788680088,0.06730146,0.022385295
0.06801602702620262,0.06718651,0.022404065
0.06816858616560434,0.07806995,0.022409383
0.06832114530500609,0.058078997,0.022373468
0.06847370444440781,0.08352205,0.022411356
0.06862626358380955,0.07058399,0.022339806
0.06877882272321127,0.05807068,0.022294957
0.06893138186261301,0.06465156,0.02231153
0.06908394100201475,0.06866866,0.02230708
0.06923650014141647,0.06770405,0.022267142
0.06938905928081822,0.077163205,0.022316
0.06954161842021994,0.055149194,0.022218036
0.06969417755962168,0.060473874,0.022215204
0.0698467366990234,0.06631414,0.022193685
0.06999929583842514,0.06432493,0.022178914
0.07015185497782687,0.054034404,0.022189287
0.0703044141172286,0.05639964,0.022158084
0.07045697325663033,0.069691285,0.022163069
0.07060953239603207,0.06851201,0.02211807
0.07076209153543381,0.057138465,0.022101799
0.07091465067483553,0.06821809,0.02211524
0.07106720981423727,0.07654093,0.022079863
0.071219768953639,0.06981266,0.022090612
0.07137232809304073,0.06558074,0.022024302
0.07152488723244246,0.080527335,0.02203399
0.07167744637184419,0.07464694,0.022018988
0.07183000551124594,0.07412067,0.022028247
0.07198256465064766,0.061709087,0.021985086
0.0721351237900494,0.06878838,0.021980604
0.07228768292945113,0.062024504,0.021944724
0.07244024206885286,0.06882633,0.02193035
0.07259280120825459,0.05486499,0.021901023
0.07274536034765632,0.054495282,0.021909848
0.07289791948705805,0.06542079,0.021901578
0.07305047862645979,0.07109736,0.02189802
0.07320303776586153,0.07722223,0.021874204
0.07335559690526326,0.06330745,0.021818535
0.07350815604466499,0.064740345,0.021828953
0.07366071518406672,0.06628766,0.021870086
0.07381327432346844,0.07534759,0.021800976
0.07396583346287018,0.06793161,0.021800647
0.07411839260227192,0.07386354,0.021794653
0.07427095174167365,0.06660083,0.02176562
0.07442351088107539,0.074945636,0.021787116
0.07457607002047711,0.063343965,0.021727115
0.07472862915987885,0.068541564,0.021747973
0.07488118829928057,0.06844652,0.021707166
0.07503374743868231,0.06864054,0.021701615
0.07518630657808405,0.07314983,0.021655729
0.07533886571748578,0.059882823,0.021647835
0.07549142485688752,0.06728138,0.021656157
0.07564398399628924,0.06456929,0.021649148
0.07579654313569098,0.074033126,0.02164381
0.07594910227509272,0.07672707,0.021621522
0.07610166141449444,0.06134252,0.021557067
0.07625422055389618,0.0560394,0.021543216
0.0764067796932979,0.060855575,0.021541713
0.07655933883269965,0.07448047,0.0215334
0.07671189797210137,0.06751757,0.021527184
0.07686445711150311,0.055183582,0.021503871
0.07701701625090485,0.06799699,0.021503966
0.07716957539030657,0.06667318,0.021480836
0.0773221345297083,0.06799572,0.021471255
0.07747469366911003,0.066408314,0.021434892
0.07762725280851177,0.063215256,0.021452375
0.0777798119479135,0.05653035,0.021443233
0.07793237108731524,0.06343197,0.021403056
0.07808493022671698,0.07058863,0.02139818
0.0782374893661187,0.06486763,0.021383801
0.07839004850552043,0.06748807,0.021391489
0.07854260764492216,0.07166395,0.021388521
0.0786951667843239,0.059550613,0.021336146
0.07884772592372563,0.064636864,0.02130778
0.07900028506312737,0.06786653,0.021295335
0.0791528442025291,0.064863205,0.021310568
0.07930540334193083,0.06524535,0.021283593
0.07945796248133256,0.07593945,0.021313073
0.07961052162073429,0.07455043,0.021260941
0.07976308076013602,0.070651576,0.02121758
0.07991563989953776,0.0824386,0.02122304
0.0800681990389395,0.06692639,0.021211646
0.08022075817834123,0.0564467,0.02117693
0.08037331731774296,0.06545212,0.021194173
0.0805258764571447,0.076578856,0.021197218
0.08067843559654642,0.066190206,0.02115254
0.08083099473594815,0.06865179,0.02111567
0.08098355387534989,0.065173104,0.021135183
0.08113611301475161,0.07102007,0.021124367
0.08128867215415336,0.06464783,0.021095613
0.08144123129355509,0.06765368,0.021104863
0.08159379043295682,0.066824205,0.021056218
0.08174634957235855,0.072324835,0.021040078
0.08189890871176028,0.07615584,0.021058092
0.08205146785116202,0.08284941,0.021068787
0.08220402699056374,0.06554028,0.02100929
0.08235658612996548,0.0646983,0.021016942
0.08250914526936722,0.06456243,0.020986408
0.08266170440876895,0.06954498,0.020975603
0.08281426354817067,0.069775485,0.020961408
0.08296682268757241,0.06031765,0.020968221
0.08311938182697415,0.061187074,0.020928072
0.08327194096637587,0.072232686,0.020927627
0.08342450010577761,0.056839995,0.020898202
0.08357705924517934,0.06739856,0.020872086
0.08372961838458108,0.069211446,0.020867135
0.0838821775239828,0.071339265,0.020866131
0.08403473666338454,0.062286586,0.020850485
0.08418729580278628,0.07195097,0.020867769
0.084339854942188,0.0697576,0.020838182
0.08449241408158974,0.07069343,0.020780291
0.08464497322099146,0.07606842,0.02078851
0.08479753236039321,0.072652906,0.020782944
0.08495009149979493,0.0616761,0.020772142
0.08510265063919667,0.06830282,0.02077025
0.0852552097785984,0.07665475,0.02078572
0.08540776891800013,0.06808179,0.020718677
0.08556032805740187,0.06782301,0.020735856
0.08571288719680359,0.06689056,0.020733498
0.08586544633620533,0.062346645,0.020702055
0.08601800547560706,0.066338226,0.020708848
0.0861705646150088,0.07277728,0.020711545
0.08632312375441054,0.06928188,0.020638429
0.08647568289381226,0.06721615,0.020632533
0.086628242033214,0.07043992,0.02064971
0.08678080117261572,0.062061317,0.020607773
0.08693336031201745,0.05460992,0.020616347
0.08708591945141919,0.053750526,0.020616585
0.08723847859082093,0.061792627,0.020553967
0.08739103773022266,0.06264994,0.020559499
0.08754359686962439,0.066417016,0.020559197
0.08769615600902612,0.056519013,0.020532934
0.08784871514842785,0.06642127,0.020533944
0.08800127428782958,0.07046009,0.020535659
0.08815383342723132,0.07094771,0.020486422
0.08830639256663306,0.061916254,0.020458207
0.0884589517060348,0.06168069,0.020478014
0.08861151084543652,0.061595533,0.020471238
0.08876406998483825,0.063908875,0.020483451
0.08891662912423998,0.060162716,0.020445906
0.08906918826364171,0.053355757,0.020416304
0.08922174740304345,0.058801044,0.020415522
0.08937430654244517,0.059740745,0.02042789
0.08952686568184692,0.072331674,0.020398289
0.08967942482124865,0.06834486,0.02038196
0.08983198396065038,0.06830598,0.02037081
0.0899845431000521,0.06176169,0.020332083
0.09013710223945384,0.06524585,0.02031084
0.09028966137885558,0.06436322,0.020311747
0.0904422205182573,0.070338316,0.020322885
0.09059477965765904,0.0677638,0.020327546
0.09074733879706078,0.06434759,0.020288512
0.09089989793646251,0.06310351,0.020272514
0.09105245707586423,0.058507264,0.02027751
0.09120501621526597,0.06604533,0.020258367
0.09135757535466771,0.06334076,0.02024396
0.09151013449406943,0.0634303,0.020224977
0.09166269363347117,0.051100377,0.020222284
0.09181525277287289,0.047607474,0.020190885
0.09196781191227464,0.04875672,0.02015933
0.09212037105167636,0.05898826,0.020170614
0.0922729301910781,0.054603446,0.020164048
0.09242548933047984,0.05961721,0.020159585
0.09257804846988156,0.053127516,0.020164061
0.0927306076092833,0.057882752,0.020118052
0.09288316674868502,0.056434307,0.020081162
0.09303572588808677,0.0652981,0.020093072
0.0931882850274885,0.07044626,0.020116957
0.09334084416689023,0.061635744,0.02009446
0.09349340330629197,0.060511164,0.0200793
0.09364596244569369,0.06961197,0.020065976
0.09379852158509543,0.06319022,0.020025508
0.09395108072449715,0.06767907,0.02002984
0.09410363986389889,0.06694967,0.020020572
0.09425619900330062,0.06541416,0.02000914
0.09440875814270236,0.058301616,0.020006137
0.0945613172821041,0.05872233,0.019982759
0.09471387642150582,0.060421802,0.019951567
0.09486643556090756,0.058807492,0.019958362
0.09501899470030928,0.06614901,0.019952409
0.09517155383971102,0.06331916,0.019957304
0.09532411297911275,0.054615684,0.019943807
0.09547667211851449,0.055602413,0.019926276
0.09562923125791623,0.0649033,0.019884823
0.09578179039731795,0.054630544,0.019884683
0.09593434953671968,0.06662778,0.01989864
0.09608690867612141,0.075718634,0.019891271
0.09623946781552314,0.06708089,0.019897075
0.09639202695492488,0.06507884,0.019840047
0.0965445860943266,0.058954388,0.019812837
0.09669714523372835,0.06609315,0.019821726
0.09684970437313008,0.06878206,0.019832665
0.09700226351253181,0.064865336,0.019821798
0.09715482265193354,0.05386493,0.01979184
0.09730738179133527,0.060829427,0.019798893
0.09745994093073701,0.060115643,0.019757612
0.09761250007013873,0.06691077,0.019735321
0.09776505920954047,0.065597296,0.019747453
0.0979176183489422,0.07393417,0.019735781
0.09807017748834394,0.060208954,0.019738346
0.09822273662774567,0.054026682,0.019724231
0.0983752957671474,0.054314088,0.019686563
0.09852785490654914,0.05735013,0.019662535
0.09868041404595086,0.049213417,0.019672064
0.0988329731853526,0.06329488,0.019664457
0.09898553232475434,0.06188512,0.019668477
0.09913809146415607,0.05827801,0.019666845
0.0992906506035578,0.056820106,0.019614268
0.09944320974295953,0.061146066,0.019603081
0.09959576888236127,0.06333301,0.019609997
0.09974832802176299,0.05757468,0.019581785
0.09990088716116473,0.06187867,0.019612372
0.10005344630056645,0.07184613,0.019589154
0.10020600543996819,0.06252627,0.019567095
0.10035856457936992,0.059485327,0.019548692
0.10051112371877165,0.055553738,0.019530322
0.10066368285817338,0.07098023,0.019519804
0.10081624199757513,0.064223796,0.019518709
0.10096880113697687,0.05860733,0.019517038
0.1011213602763786,0.06284144,0.019476958
0.10127391941578033,0.06331322,0.019484948
0.10142647855518205,0.06339721,0.019471541
0.10157903769458379,0.065825306,0.019468326
0.10173159683398553,0.057705965,0.019463042
0.10188415597338725,0.06450638,0.019468335
0.10203671511278899,0.05392757,0.019420391
0.10218927425219071,0.05122394,0.019396765
0.10234183339159245,0.058778185,0.019434957
0.10249439253099418,0.059030905,0.019401496
0.1026469516703959,0.05241867,0.019402629
0.10279951080979764,0.04608957,0.01937897
0.10295206994919937,0.0493456,0.019360432
0.10310462908860113,0.059527688,0.019338502
0.10325718822800285,0.051417176,0.01932945
0.10340974736740459,0.053976316,0.019344872
0.10356230650680631,0.061004892,0.01933507
0.10371486564620805,0.05996412,0.019314343
0.10386742478560979,0.060520016,0.019308865
0.10401998392501151,0.0576921,0.019266952
0.10417254306441324,0.058404177,0.019267445
0.10432510220381497,0.053412355,0.019274244
0.1044776613432167,0.05203653,0.019256163
0.10463022048261844,0.06268843,0.019250618
0.10478277962202016,0.06671303,0.01924506
0.1049353387614219,0.056996148,0.019206448
0.10508789790082362,0.051906496,0.01921834
0.10524045704022536,0.048296783,0.019204622
0.1053930161796271,0.05435818,0.019204853
0.10554557531902885,0.047161125,0.019202832
0.10569813445843057,0.053962294,0.019181054
0.10585069359783231,0.0592731,0.019162335
0.10600325273723404,0.06034148,0.019155579
0.10615581187663577,0.05986815,0.019161342
0.1063083710160375,0.052014247,0.019142462
0.10646093015543923,0.0575944,0.019155094
0.10661348929484096,0.055143874,0.019138088
0.1067660484342427,0.058909062,0.019102205
0.10691860757364442,0.061560854,0.019100122
0.10707116671304616,0.058690805,0.019085975
0.10722372585244788,0.05729466,0.019081593
0.10737628499184962,0.057571556,0.01931586
0.10752884413125136,0.05998091,0.019625288
0.10768140327065308,0.061225746,0.01984299
0.10783396241005483,0.057115544,0.02003087
0.10798652154945657,0.06307938,0.02018636
0.1081390806888583,0.059287433,0.020291891
0.10829163982826003,0.051567886,0.020359134
0.10844419896766176,0.05823344,0.020439155
0.10859675810706348,0.054362167,0.020839581
0.10874931724646522,0.052128118,0.021392453
0.10890187638586696,0.05831811,0.021791749
0.10905443552526868,0.065365314,0.022142816
0.10920699466467042,0.06699426,0.02242551
0.10935955380407214,0.053234283,0.022723408
0.10951211294347388,0.054298256,0.023014542
0.10966467208287561,0.06610175,0.023292825
0.10981723122227734,0.060437206,0.02356426
0.10996979036167907,0.055719778,0.023809431
0.1101223495010808,0.065069176,0.024072057
0.11027490864048256,0.06215196,0.024330463
0.11042746777988428,0.054729626,0.024622928
0.11058002691928602,0.044337094,0.024824778
0.11073258605868774,0.042773977,0.02508945
0.11088514519808948,0.051699977,0.025387863
0.11103770433749122,0.045396414,0.025591258
0.11119026347689294,0.059838332,0.025878483
0.11134282261629468,0.06281972,0.026143529
0.1114953817556964,0.05059888,0.02638948
0.11164794089509814,0.055709653,0.026655886
0.11180050003449987,0.05215114,0.026808225
0.1119530591739016,0.05653019,0.027018068
0.11210561831330333,0.06693909,0.027146403
0.11225817745270505,0.068230316,0.027282655
0.11241073659210679,0.0647401,0.027376458
0.11256329573150854,0.06538227,0.027503345
0.11271585487091028,0.069096476,0.027633376
0.112868414010312,0.06579299,0.027776688
0.11302097314971374,0.063451484,0.027850388
0.11317353228911547,0.056028724,0.02793782
0.1133260914285172,0.048731286,0.02805916
0.11347865056791893,0.047974885,0.028094567
0.11363120970732066,0.054449875,0.028161917
0.1137837688467224,0.040519007,0.028195038
0.11393632798612413,0.03798079,0.028236384
0.11408888712552585,0.04276772,0.028269142
0.11424144626492759,0.04670762,0.028313871
0.11439400540432931,0.036116783,0.028360508
0.11454656454373105,0.038783178,0.028386682
0.11469912368313279,0.042864144,0.028417597
0.11485168282253451,0.05150554,0.028444216
0.11500424196193626,0.042343657,0.028484147
0.115156801101338,0.045529548,0.028606255
0.11530936024073973,0.06596493,0.028680058
0.11546191938014146,0.059033886,0.028814334
0.11561447851954319,0.04714006,0.028887086
0.11576703765894492,0.044071075,0.028980874
0.11591959679834665,0.04671175,0.0291077
0.11607215593774839,0.05487393,0.029186418
0.11622471507715011,0.048739,0.029262997
0.11637727421655185,0.04467803,0.029397093
0.11652983335595357,0.057583623,0.02951605
0.11668239249535531,0.062210813,0.029589564
0.11683495163475704,0.06824883,0.029691394
0.11698751077415877,0.06200322,0.029809447
0.1171400699135605,0.061022587,0.029891899
0.11729262905296226,0.06424548,0.029996827
0.11744518819236399,0.059063654,0.030107317
0.11759774733176571,0.061412066,0.030170191
0.11775030647116745,0.052944083,0.030281225
0.11790286561056917,0.05379282,0.03037
0.11805542474997091,0.06537217,0.030494865
0.11820798388937265,0.06585719,0.030627942
0.11836054302877437,0.055492207,0.030686706
0.11851310216817611,0.06614505,0.030832425
0.11866566130757783,0.046402927,0.030899316
0.11881822044697957,0.045277517,0.030981742
0.1189707795863813,0.053176172,0.031103877
0.11912333872578303,0.05937664,0.031239681
0.11927589786518476,0.06226234,0.03134421
0.11942845700458649,0.07493716,0.031437375
0.11958101614398822,0.05301269,0.03154291
0.11973357528338997,0.048423443,0.031626035
0.11988613442279171,0.03495696,0.031728417
0.12003869356219343,0.040903755,0.031804424
0.12019125270159517,0.052014776,0.031916846
0.1203438118409969,0.04849867,0.032074172
0.12049637098039863,0.04489168,0.03212075
0.12064893011980037,0.053515222,0.03223731
0.12080148925920209,0.045758054,0.032346
0.12095404839860383,0.030991985,0.032441
0.12110660753800556,0.040928602,0.032561548
0.12125916667740728,0.040882148,0.03269797
0.12141172581680902,0.055506606,0.032766826
0.12156428495621074,0.047259122,0.032889653
0.12171684409561248,0.031973567,0.033002704
0.12186940323501422,0.044068538,0.033102233
0.12202196237441594,0.052068185,0.03322161
0.12217452151381769,0.04266242,0.03331913
0.12232708065321943,0.043643754,0.033431772
0.12247963979262116,0.049766444,0.03358707
0.12263219893202289,0.044111386,0.033682127
0.12278475807142462,0.050973937,0.033810962
0.12293731721082635,0.054567605,0.03389557
0.12308987635022808,0.043207414,0.03402978
0.12324243548962982,0.06440895,0.034171533
0.12339499462903154,0.04289408,0.03425324
0.12354755376843328,0.040409528,0.03434469
0.123700112907835,0.055527773,0.034557242
0.12385267204723674,0.051988248,0.03460997
0.12400523118663848,0.049502216,0.034692295
0.1241577903260402,0.053758956,0.034862414
0.12431034946544194,0.04340237,0.034995914
0.12446290860484369,0.042996805,0.03508538
0.12461546774424542,0.04982984,0.035215363
0.12476802688364715,0.03699131,0.035329543
0.12492058602304888,0.043483995,0.0354303
0.1250731451624506,0.053418506,0.03561715
0.12522570430185234,0.05112151,0.035701405
0.12537826344125408,0.050724845,0.035833657
0.12553082258065582,0.033272218,0.035931677
0.12568338172005752,0.051416643,0.036074024
0.12583594085945926,0.044801064,0.036183503
0.125988499998861,0.046356604,0.036327727
0.12614105913826273,0.056235798,0.036461975
0.12629361827766447,0.053693276,0.03656768
0.12644617741706618,0.032006443,0.036694817
0.12659873655646792,0.052837003,0.036811814
0.12675129569586965,0.07174367,0.036981203
0.12690385483527142,0.05167575,0.03709761
0.12705641397467313,0.04238432,0.037221257
0.12720897311407486,0.049911607,0.037390072
0.1273615322534766,0.040198956,0.03748805
0.12751409139287834,0.031927302,0.037625384
0.12766665053228007,0.051913906,0.03778368
0.12781920967168178,0.041527905,0.037898846
0.12797176881108352,0.03724737,0.03804649
0.12812432795048526,0.04126344,0.03820893
0.128276887089887,0.039908204,0.038383603
0.12842944622928873,0.041288216,0.038507983
0.12858200536869044,0.058794476,0.03863536
0.12873456450809218,0.06123164,0.038818
0.1288871236474939,0.059741654,0.038939107
0.12903968278689565,0.044147197,0.039068986
0.12919224192629739,0.048986074,0.03920107
0.12934480106569912,0.059093773,0.039564077
0.12949736020510086,0.04733813,0.03953028
0.1296499193445026,0.04457448,0.039720003
0.12980247848390433,0.04465282,0.039879348
0.12995503762330604,0.05925618,0.04001609
0.13010759676270778,0.051561456,0.040129565
0.13026015590210951,0.036718857,0.040313624
0.13041271504151125,0.045732267,0.04049251
0.130565274180913,0.042209066,0.040613793
0.1307178333203147,0.053367976,0.04079666
0.13087039245971643,0.05260152,0.040974528
0.13102295159911817,0.051554073,0.04111417
0.1311755107385199,0.053376418,0.04138994
0.13132806987792164,0.056285474,0.04147453
0.13148062901732335,0.047061328,0.041627806
0.13163318815672512,0.035536926,0.04185438
0.13178574729612685,0.042132434,0.041949566
0.1319383064355286,0.049641784,0.04215606
0.1320908655749303,0.038123272,0.042320244
0.13224342471433204,0.02826387,0.042486783
0.13239598385373377,0.039357852,0.04275395
0.1325485429931355,0.04445037,0.042919975
0.13270110213253725,0.027608661,0.043038994
0.13285366127193896,0.029086089,0.043257333
0.1330062204113407,0.021765491,0.043411214
0.13315877955074243,0.022795644,0.043610234
0.13331133869014417,0.029695714,0.043830007
0.1334638978295459,0.033953395,0.04400849
0.1336164569689476,0.04554172,0.044222336
0.13376901610834935,0.06258323,0.044456214
0.1339215752477511,0.055775635,0.04458263
0.13407413438715285,0.035332203,0.04481493
0.13422669352655456,0.03997951,0.045023553
0.1343792526659563,0.04134908,0.045200564
0.13453181180535803,0.042948276,0.04545008
0.13468437094475977,0.04710298,0.045729503
0.1348369300841615,0.03144061,0.045844197
0.1349894892235632,0.03847834,0.04618815
0.13514204836296495,0.020836815,0.046295647
0.1352946075023667,0.03639121,0.046603903
0.13544716664176842,0.034978453,0.04678055
0.13559972578117016,0.0346304,0.04705935
0.13575228492057187,0.03815255,0.047206532
0.1359048440599736,0.03365758,0.04747826
0.13605740319937534,0.03369561,0.0476659
0.13620996233877708,0.03203258,0.04793066
0.13636252147817882,0.03893026,0.04828871
0.13651508061758055,0.045838665,0.04850192
0.1366676397569823,0.03175142,0.048686467
0.13682019889638403,0.03804934,0.04895692
0.13697275803578576,0.028221793,0.049314868
0.13712531717518747,0.065634616,0.04947539
0.1372778763145892,0.076415315,0.049813274
0.13743043545399095,0.05302268,0.050041556
0.13758299459339268,0.043679506,0.050290972
0.13773555373279442,0.029673643,0.050657365
0.13788811287219613,0.046752993,0.05086271
0.13804067201159786,0.050696936,0.051141646
0.1381932311509996,0.039413057,0.051377553
0.13834579029040134,0.025831511,0.051677592
0.13849834942980307,0.03140518,0.052027002
0.1386509085692048,0.054713074,0.052263755
0.13880346770860655,0.044925306,0.05259845
0.13895602684800828,0.035375983,0.05294905
0.13910858598741002,0.04274178,0.053197943
0.13926114512681173,0.04303856,0.053679194
0.13941370426621347,0.050840575,0.053973325
0.1395662634056152,0.062965214,0.054205492
0.13971882254501694,0.14775418,0.0576446
0.13987138168441868,0.070510566,0.05496631
0.1400239408238204,0.033199143,0.05522589
0.14017649996322212,0.043946452,0.055660546
0.14032905910262386,0.05382069,0.056139547
0.1404816182420256,0.035751283,0.056384176
0.14063417738142733,0.017068896,0.05678258
0.14078673652082904,0.026272945,0.057098225
0.14093929566023078,0.024024328,0.057492606
0.14109185479963254,0.019597989,0.057965703
0.14124441393903428,0.011305387,0.058281314
0.141396973078436,0.006041297,0.058729
0.14154953221783773,0.044609334,0.059213378
0.14170209135723946,0.032211564,0.059641387
0.1418546504966412,0.027058866,0.060064312
0.14200720963604294,0.02656672,0.06052773
0.14215976877544464,0.041785788,0.060895238
0.14231232791484638,0.038680952,0.061452683
0.14246488705424812,0.016840754,0.061924353
0.14261744619364985,0.022672674,0.06233962
0.1427700053330516,0.020287221,0.06295047
