#DAT file by SAXSII - Timestamp: 09/12/2024 14:40:47
radial-q_A^-1,intensity,sigma
0.00012720999243161018,6189414.0,815.42804
0.0002797691318333428,5954694.5,528.94763
0.00043232827123507536,5693299.0,416.80215
0.000584887410636808,5347583.0,343.6036
0.0007374465500385405,4930279.5,290.8108
0.0008900056894402731,4455118.5,251.05954
0.0010425648288420058,3952439.5,218.79956
0.0011951239682437384,3452257.0,193.13326
0.001347683107645471,2949075.5,169.9948
0.0015002422470472036,2445774.8,146.0412
0.001652801386448936,1957517.6,122.7886
0.0018053605258506686,1508150.0,102.145386
0.0019579196652524016,1117680.4,84.36005
0.002110478804654134,792826.5,69.197105
0.0022630379440558668,537568.6,55.982605
0.002415597083457599,347002.9,43.5596
0.002568156222859332,212363.36,32.51432
0.0027207153622610643,127120.445,24.177574
0.0028732745016627967,74105.01,17.884125
0.0030258336410645295,42074.8,13.198998
0.003178392780466262,23414.982,9.743619
0.0033309519198679947,12474.633,6.960422
0.003483511059269727,6409.7207,4.8551655
0.0036360701986714594,3119.284,3.290169
0.0037886293380731927,1463.6487,2.1962404
0.003941188477474925,665.9961,1.4560958
0.004093747616876658,293.422,0.9542318
0.004246306756278391,129.46608,0.6243472
0.004398865895680123,56.712418,0.4056884
0.004551425035081855,25.449701,0.26751092
0.004703984174483589,11.489839,0.17610008
0.004856543313885321,5.451225,0.12057463
0.005009102453287053,2.8668597,0.08811902
0.005161661592688786,1.9173138,0.072510436
0.005314220732090518,1.5030421,0.06418982
0.005466779871492251,1.1916661,0.05991485
0.005619339010893984,0.9291666,0.05525289
0.005771898150295716,0.895295,0.053552374
0.0059244572896974485,0.8017074,0.051844243
0.006077016429099181,0.7727529,0.050520413
0.006229575568500914,0.69588655,0.04963312
0.006382134707902647,0.6779232,0.049279377
0.00653469384730438,0.6662179,0.048617035
0.006687252986706112,0.6063923,0.048001457
0.0068398121261078445,0.53202575,0.046150878
0.006992371265509577,0.53716433,0.045696545
0.00714493040491131,0.42644158,0.043740764
0.0072974895443130424,0.48564902,0.043916017
0.0074500486837147765,0.45601994,0.042951126
0.007602607823116509,0.38026652,0.042246833
0.007755166962518241,0.38955185,0.042010345
0.007907726101919975,0.3616904,0.041653667
0.008060285241321706,0.34890127,0.041142073
0.00821284438072344,0.36022878,0.04064146
0.00836540352012517,0.35064587,0.04029095
0.008517962659526904,0.31521428,0.03976821
0.008670521798928637,0.30845156,0.03931932
0.008823080938330369,0.30670372,0.038997352
0.008975640077732102,0.30696929,0.038272377
0.009128199217133834,0.2930427,0.037931424
0.009280758356535567,0.27190766,0.03799221
0.0094333174959373,0.26901457,0.037440166
0.009585876635339032,0.26514232,0.03712501
0.009738435774740765,0.24456818,0.036979787
0.009890994914142498,0.23055813,0.036521643
0.01004355405354423,0.26696578,0.036276504
0.010196113192945963,0.2393795,0.03587399
0.010348672332347694,0.20858559,0.03556362
0.010501231471749427,0.23370403,0.035306685
0.01065379061115116,0.2306468,0.03529287
0.010806349750552892,0.20395347,0.03485756
0.010958908889954625,0.22845227,0.034530696
0.011111468029356357,0.22379866,0.034369178
0.01126402716875809,0.2083854,0.034171935
0.011416586308159823,0.24176513,0.033948563
0.011569145447561555,0.1794955,0.03357116
0.011721704586963288,0.2492279,0.033553433
0.01187426372636502,0.22642528,0.0330281
0.012026822865766753,0.19326423,0.032946724
0.012179382005168486,0.19611076,0.032811273
0.012331941144570218,0.1898452,0.032601386
0.012484500283971953,0.19331422,0.03225172
0.012637059423373682,0.15323548,0.031999737
0.012789618562775416,0.17241007,0.031764552
0.012942177702177147,0.18980704,0.031656493
0.01309473684157888,0.19519114,0.031507865
0.013247295980980612,0.17870797,0.031365395
0.013399855120382345,0.16068368,0.031184051
0.013552414259784077,0.19426297,0.031090884
0.013704973399185812,0.18169542,0.030709323
0.013857532538587541,0.16658123,0.030605694
0.014010091677989276,0.1677415,0.030548088
0.014162650817391008,0.17434281,0.030209033
0.014315209956792741,0.1849945,0.030193435
0.014467769096194473,0.17098707,0.029991379
0.014620328235596206,0.16919787,0.029816914
0.01477288737499794,0.16217531,0.02958806
0.01492544651439967,0.1589318,0.029462988
0.015078005653801406,0.1329083,0.029211868
0.015230564793203137,0.14812934,0.029167421
0.01538312393260487,0.14708085,0.029116096
0.015535683072006602,0.1422401,0.028888652
0.015688242211408337,0.14552289,0.02865713
0.015840801350810067,0.14166655,0.028530532
0.0159933604902118,0.15164515,0.028478518
0.016145919629613533,0.16114886,0.028367473
0.016298478769015266,0.1497283,0.02818424
0.016451037908416996,0.1384081,0.028002255
0.01660359704781873,0.13328005,0.027842997
0.016756156187220463,0.1498501,0.027781246
0.016908715326622196,0.13598466,0.027654406
0.017061274466023926,0.1623764,0.027653957
0.017213833605425662,0.14020246,0.027433423
0.017366392744827392,0.15293872,0.027333897
0.017518951884229125,0.14160006,0.027143823
0.01767151102363086,0.11682109,0.02700892
0.017824070163032592,0.13952197,0.02691113
0.01797662930243432,0.13914625,0.026832081
0.018129188441836055,0.12318591,0.026722016
0.018281747581237788,0.12739736,0.026550867
0.01843430672063952,0.13089406,0.02643423
0.01858686586004125,0.12427662,0.02636251
0.018739424999442988,0.14450137,0.026235921
0.018891984138844718,0.146651,0.026190309
0.01904454327824645,0.1393796,0.026136585
0.019197102417648184,0.118991934,0.025918385
0.019349661557049917,0.12673604,0.025782485
0.019502220696451647,0.119996004,0.025709052
0.019654779835853384,0.11947784,0.025619773
0.019807338975255117,0.14128679,0.025588548
0.019959898114656847,0.13296449,0.02545049
0.02011245725405858,0.10854568,0.025315866
0.020265016393460313,0.111108035,0.025159072
0.020417575532862046,0.11560632,0.02516996
0.020570134672263776,0.13253336,0.02507046
0.020722693811665513,0.14171645,0.024987012
0.020875252951067243,0.12487217,0.024908785
0.021027812090468976,0.12157637,0.024782704
0.02118037122987071,0.125348,0.024662707
0.021332930369272442,0.1268424,0.024656935
0.021485489508674172,0.12891814,0.024578722
0.021638048648075905,0.12008719,0.024443852
0.02179060778747764,0.11988831,0.024372758
0.021943166926879372,0.11764036,0.02422096
0.0220957260662811,0.11916203,0.024132192
0.02224828520568284,0.11995109,0.024092544
0.022400844345084568,0.11566373,0.023976935
0.0225534034844863,0.106392324,0.023899682
0.022705962623888035,0.106851,0.02382968
0.022858521763289768,0.112754434,0.023765946
0.023011080902691498,0.10560846,0.023681948
0.02316364004209323,0.110681824,0.023582263
0.023316199181494964,0.10333155,0.023495665
0.023468758320896697,0.10186474,0.023430867
0.023621317460298427,0.11534476,0.023379408
0.023773876599700164,0.10891154,0.023340983
0.023926435739101894,0.12398897,0.023197517
0.024078994878503627,0.10889172,0.023066074
0.02423155401790536,0.115713514,0.023042131
0.024384113157307093,0.12125808,0.02305094
0.024536672296708823,0.10538798,0.022933008
0.024689231436110556,0.10062297,0.022844126
0.024841790575512293,0.09818508,0.022765044
0.024994349714914023,0.11654723,0.022683961
0.025146908854315753,0.11375715,0.022624623
0.02529946799371749,0.10638027,0.022569979
0.025452027133119223,0.10184928,0.022490723
0.025604586272520952,0.0974227,0.02244862
0.025757145411922686,0.10749043,0.0223646
0.025909704551324422,0.107145876,0.022291416
0.026062263690726152,0.11896194,0.022256413
0.026214822830127882,0.10729074,0.022185847
0.026367381969529615,0.093834095,0.022119457
0.026519941108931352,0.09389052,0.022027718
0.02667250024833308,0.101798065,0.021971045
0.026825059387734815,0.10358425,0.021872638
0.026977618527136545,0.11347081,0.02184887
0.02713017766653828,0.097242184,0.021792112
0.02728273680594001,0.10893356,0.021749571
0.027435295945341744,0.09868376,0.021780742
0.027587855084743474,0.11209208,0.022006925
0.02774041422414521,0.11858406,0.022080421
0.027892973363546944,0.10425825,0.022114655
0.028045532502948674,0.10229653,0.02215236
0.028198091642350404,0.10379186,0.022253191
0.02835065078175214,0.10589177,0.022262866
0.028503209921153874,0.10765564,0.022283122
0.028655769060555603,0.10533658,0.022259489
0.028808328199957337,0.106460236,0.02225634
0.028960887339359073,0.100285865,0.022234354
0.029113446478760803,0.1005169,0.022280963
0.029266005618162533,0.105971955,0.022357984
0.02941856475756427,0.10124675,0.022343436
0.029571123896966003,0.095980965,0.0223047
0.029723683036367732,0.09660685,0.022237532
0.029876242175769466,0.100527555,0.022235313
0.030028801315171202,0.112382255,0.022240663
0.030181360454572932,0.10032194,0.022266667
0.030333919593974662,0.10434432,0.022249691
0.030486478733376395,0.11698776,0.022216884
0.030639037872778132,0.093404844,0.022284953
0.03079159701217986,0.12019341,0.022691816
0.030944156151581595,0.09371673,0.022774244
0.031096715290983325,0.105755575,0.022891257
0.03124927443038506,0.09548093,0.023029294
0.03140183356978679,0.10483353,0.02306962
0.03155439270918852,0.10068406,0.02320255
0.03170695184859026,0.10444244,0.023323204
0.031859510987991994,0.07820242,0.023323325
0.032012070127393724,0.08978213,0.02341301
0.032164629266795454,0.0915012,0.023489209
0.032317188406197184,0.07579811,0.023509594
0.03246974754559892,0.08775456,0.023573197
0.03262230668500065,0.08303927,0.023608742
0.03277486582440239,0.0910714,0.02367516
0.03292742496380412,0.08721072,0.023757145
0.03307998410320585,0.09651803,0.023821112
0.03323254324260758,0.08091044,0.02382238
0.03338510238200931,0.081549615,0.023861643
0.03353766152141104,0.08575229,0.023913179
0.03369022066081278,0.08691044,0.023963008
0.033842779800214516,0.08360322,0.023973966
0.033995338939616246,0.08188674,0.023998559
0.034147898079017976,0.0963161,0.024036208
0.03430045721841971,0.10105283,0.024066374
0.03445301635782144,0.09352157,0.024183031
0.03460557549722317,0.09399077,0.024164166
0.03475813463662491,0.08677771,0.024196502
0.034910693776026645,0.09551407,0.024219943
0.035063252915428375,0.093831114,0.024270661
0.035215812054830105,0.094440006,0.02426565
0.03536837119423184,0.08739403,0.024288798
0.03552093033363357,0.08080942,0.024340406
0.0356734894730353,0.08652477,0.024381625
0.03582604861243704,0.08231705,0.024407031
0.035978607751838775,0.088378,0.024379576
0.036131166891240504,0.08337224,0.024388857
0.036283726030642234,0.0759879,0.024431285
0.036436285170043964,0.08502759,0.024515359
0.0365888443094457,0.09339402,0.024997814
0.03674140344884743,0.09117762,0.025431283
0.03689396258824917,0.085136406,0.025663003
0.0370465217276509,0.09032657,0.025852855
0.037199080867052634,0.09069832,0.026035879
0.03735164000645436,0.08478033,0.026180513
0.03750419914585609,0.10015699,0.026409147
0.03765675828525783,0.10329026,0.026643196
0.037809317424659566,0.08779323,0.026819397
0.037961876564061296,0.08008404,0.026921293
0.038114435703463026,0.094241716,0.02705808
0.038266994842864756,0.09419629,0.027256317
0.03841955398226649,0.10601879,0.027399171
0.03857211312166822,0.10232567,0.027626168
0.03872467226106996,0.09512434,0.027785797
0.03887723140047169,0.08511735,0.0279016
0.039029790539873425,0.09107237,0.0280073
0.039182349679275155,0.094991185,0.028161498
0.039334908818676885,0.06963826,0.028232647
0.03948746795807862,0.0771479,0.02846052
0.03964002709748035,0.07606633,0.028723847
0.03979258623688209,0.07360659,0.028757917
0.03994514537628382,0.08739899,0.028862577
0.040097704515685555,0.09310853,0.02901028
0.040250263655087284,0.078340724,0.029112438
0.040402822794489014,0.09190088,0.02936282
0.040555381933890744,0.087108366,0.029603627
0.04070794107329248,0.07991453,0.02968491
0.04086050021269422,0.07840281,0.02977609
0.04101305935209595,0.0916413,0.029849317
0.04116561849149768,0.07789527,0.03006992
0.041318177630899414,0.07865957,0.030124664
0.04147073677030114,0.07748363,0.029931381
0.04162329590970287,0.094192676,0.029206488
0.04177585504910461,0.078887045,0.028766107
0.04192841418850635,0.08865848,0.028556284
0.042080973327908076,0.07712629,0.028314492
0.042233532467309806,0.08506353,0.028188806
0.042386091606711536,0.08134059,0.0280167
0.04253865074611327,0.07893645,0.027871108
0.042691209885515,0.077848926,0.027704764
0.04284376902491674,0.09809765,0.027699009
0.04299632816431847,0.08322089,0.02753036
0.043148887303720206,0.094793774,0.027484978
0.043301446443121935,0.07942557,0.027408645
0.043454005582523665,0.08254158,0.02730613
0.043606564721925395,0.08558768,0.027151817
0.04375912386132713,0.087598704,0.02711012
0.04391168300072887,0.07545219,0.027078355
0.0440642421401306,0.08328802,0.02703304
0.044216801279532335,0.06937101,0.026995966
0.044369360418934065,0.07342039,0.026916612
0.044521919558335794,0.07618648,0.026791409
0.044674478697737524,0.08446458,0.026828654
0.04482703783713926,0.09637612,0.02677644
0.044979596976541,0.077501,0.026659437
0.04513215611594273,0.07326677,0.026634121
0.04528471525534446,0.095536605,0.026587531
0.045437274394746194,0.0800137,0.02652905
0.045589833534147924,0.083230674,0.026497252
0.04574239267354965,0.08003288,0.026456062
0.04589495181295139,0.089966536,0.02635887
0.04604751095235313,0.08914241,0.026262665
0.046200070091754857,0.082214616,0.026161103
0.046352629231156586,0.07719899,0.026075076
0.046505188370558316,0.08115257,0.026029952
0.04665774750996005,0.084767886,0.025971293
0.04681030664936178,0.09521352,0.025905667
0.04696286578876352,0.085129075,0.025867518
0.04711542492816525,0.06679509,0.025746293
0.047267984067566986,0.08605316,0.025657043
0.047420543206968715,0.07957296,0.025632396
0.047573102346370445,0.07119023,0.025541382
0.047725661485772175,0.07944898,0.025495052
0.04787822062517391,0.07465133,0.025442123
0.04803077976457565,0.07612363,0.025391806
0.04818333890397738,0.08050849,0.025291199
0.04833589804337911,0.07731786,0.025241956
0.048488457182780845,0.07800625,0.025192237
0.048641016322182574,0.07769782,0.025108626
0.048793575461584304,0.07391409,0.025048895
0.04894613460098604,0.0837728,0.025034145
0.04909869374038778,0.07588651,0.024946311
0.04925125287978951,0.079253115,0.024912095
0.04940381201919124,0.073730506,0.024834977
0.049556371158592974,0.083833165,0.024775572
0.049708930297994704,0.073112346,0.024732433
0.04986148943739643,0.08067136,0.024717033
0.05001404857679817,0.08928216,0.02466374
0.0501666077161999,0.08183126,0.02462243
0.05031916685560163,0.08388926,0.024651691
0.05047172599500337,0.060831256,0.024595015
0.0506242851344051,0.06860679,0.024602916
0.05077684427380683,0.06777166,0.024556441
0.05092940341320856,0.059567004,0.024521232
0.0510819625526103,0.06875901,0.024529153
0.05123452169201203,0.05650173,0.02447956
0.05138708083141376,0.071696095,0.024454685
0.05153963997081549,0.072874926,0.024438491
0.05169219911021723,0.077600576,0.024465907
0.05184475824961896,0.07236928,0.024403485
0.05199731738902069,0.079422474,0.024388634
0.05214987652842243,0.06723104,0.02437154
0.05230243566782416,0.06682145,0.024363864
0.05245499480722589,0.08147615,0.024372213
0.05260755394662762,0.07918812,0.02433146
0.05276011308602935,0.07262063,0.024323989
0.05291267222543109,0.065376714,0.024247508
0.05306523136483282,0.0852207,0.024231782
0.05321779050423456,0.076394096,0.024204474
0.05337034964363629,0.08401748,0.024216695
0.05352290878303802,0.06950257,0.024168499
0.05367546792243975,0.06881852,0.024125542
0.05382802706184148,0.074506775,0.024116071
0.05398058620124322,0.07624287,0.024121456
0.05413314534064495,0.06669453,0.024097951
0.05428570448004669,0.07238486,0.024079155
0.05443826361944842,0.084227934,0.024055751
0.05459082275885015,0.07766318,0.024025789
0.054743381898251876,0.0780493,0.024012
0.054895941037653606,0.07634374,0.023978759
0.05504850017705534,0.07733972,0.023956986
0.05520105931645708,0.06924637,0.023917604
0.055353618455858816,0.07729754,0.023943152
0.055506177595260546,0.084035896,0.023936652
0.055658736734662276,0.08185726,0.023851817
0.055811295874064006,0.07781796,0.02383639
0.055963855013465735,0.11354641,0.023997543
0.05611641415286747,0.32953653,0.02700117
0.0562689732922692,0.10613074,0.024016362
0.056421532431670945,0.10455361,0.023901157
0.056574091571072675,0.4664633,0.028202675
0.056726650710474405,0.27723438,0.02587097
0.056879209849876135,0.07745644,0.023767695
0.057031768989277865,0.06746672,0.02370012
0.0571843281286796,0.0751176,0.023702554
0.05733688726808133,0.07228083,0.023675956
0.05748944640748306,0.07343366,0.023626672
0.057642005546884804,0.07704946,0.023609532
0.057794564686286534,0.07675607,0.023614993
0.057947123825688264,0.07806442,0.023581728
0.058099682965089994,0.069340475,0.023573924
0.05825224210449173,0.07395392,0.023548005
0.05840480124389346,0.06353868,0.023519168
0.05855736038329519,0.072048485,0.023513274
0.058709919522696934,0.07772487,0.023486463
0.05886247866209866,0.077590525,0.023474755
0.05901503780150039,0.08237334,0.023454245
0.05916759694090212,0.07672676,0.023455048
0.05932015608030386,0.06763624,0.02338432
0.05947271521970559,0.054273408,0.023347726
0.05962527435910732,0.06693817,0.023357982
0.05977783349850905,0.06693629,0.023385448
0.05993039263791079,0.07019567,0.02334799
0.06008295177731252,0.07475824,0.023326201
0.06023551091671425,0.08190514,0.023271676
0.06038807005611599,0.08357399,0.023268873
0.06054062919551772,0.061289825,0.023248367
0.06069318833491945,0.06678077,0.02326155
0.06084574747432118,0.0711546,0.023259697
0.06099830661372291,0.059605774,0.023204396
0.06115086575312465,0.066344224,0.023176856
0.06130342489252638,0.06667088,0.023125103
0.06145598403192812,0.06763932,0.023153717
0.06160854317132985,0.065740846,0.023146365
0.06176110231073158,0.06539031,0.023135118
0.06191366145013331,0.07687662,0.02310357
0.06206622058953504,0.07760766,0.023067083
0.062218779728936774,0.08289052,0.023046618
0.06237133886833851,0.07642298,0.02304475
0.06252389800774025,0.06273841,0.023019396
0.06267645714714197,0.075678065,0.023048375
0.0628290162865437,0.07224627,0.023033567
0.06298157542594544,0.072646946,0.022971079
0.06313413456534717,0.076469846,0.022926357
0.0632866937047489,0.06867647,0.022925545
0.06343925284415063,0.061730273,0.022930598
0.06359181198355238,0.06898607,0.022888876
0.0637443711229541,0.087385155,0.022920776
0.06389693026235584,0.085155055,0.022896688
0.06404948940175757,0.07534335,0.0228243
0.0642020485411593,0.080580115,0.022869516
0.06435460768056103,0.07829891,0.022808066
0.06450716681996276,0.07417093,0.022797294
0.0646597259593645,0.06546156,0.022788335
0.06481228509876623,0.07720572,0.022777712
0.06496484423816797,0.076503575,0.022715935
0.0651174033775697,0.080023795,0.022708472
0.06526996251697142,0.066266775,0.022710344
0.06542252165637316,0.066344276,0.02266905
0.06557508079577488,0.079513766,0.022698976
0.06572763993517662,0.08243343,0.022668209
0.06588019907457836,0.08307958,0.02264856
0.0660327582139801,0.077438235,0.02263432
0.06618531735338183,0.078095,0.022616757
0.06633787649278355,0.072841376,0.022608409
0.06649043563218529,0.072275914,0.022579644
0.06664299477158701,0.07853785,0.022562299
0.06679555391098875,0.08083077,0.022556866
0.06694811305039049,0.086057276,0.022566395
0.06710067218979222,0.07601356,0.022531882
0.06725323132919396,0.06676828,0.02252241
0.06740579046859568,0.06977341,0.022469245
0.06755834960799742,0.06463166,0.022464221
0.06771090874739914,0.06217137,0.022441437
0.06786346788680088,0.06494323,0.022399252
0.06801602702620262,0.07069,0.022425447
0.06816858616560434,0.07254341,0.02238474
0.06832114530500609,0.0797244,0.02239555
0.06847370444440781,0.074287675,0.022394298
0.06862626358380955,0.058216162,0.02231917
0.06877882272321127,0.06521881,0.022337763
0.06893138186261301,0.06299286,0.022342209
0.06908394100201475,0.07187807,0.022295367
0.06923650014141647,0.075769864,0.02228026
0.06938905928081822,0.06593644,0.022257157
0.06954161842021994,0.064613305,0.022222599
0.06969417755962168,0.07101178,0.022203652
0.0698467366990234,0.064080745,0.022219101
0.06999929583842514,0.067968234,0.022209046
0.07015185497782687,0.06252642,0.022176316
0.0703044141172286,0.06734852,0.022168161
0.07045697325663033,0.06856861,0.022180384
0.07060953239603207,0.059523817,0.022138862
0.07076209153543381,0.066548444,0.022106491
0.07091465067483553,0.07034927,0.022119781
0.07106720981423727,0.06455565,0.02209108
0.071219768953639,0.068071276,0.022086497
0.07137232809304073,0.062314577,0.022034198
0.07152488723244246,0.059990425,0.022024201
0.07167744637184419,0.06422819,0.022012256
0.07183000551124594,0.06285998,0.022010535
0.07198256465064766,0.06975975,0.021996813
0.0721351237900494,0.07323994,0.021970343
0.07228768292945113,0.07354359,0.021956876
0.07244024206885286,0.06541215,0.02193179
0.07259280120825459,0.065382615,0.021912206
0.07274536034765632,0.05771994,0.021928579
0.07289791948705805,0.07028338,0.021921545
0.07305047862645979,0.070239365,0.021922475
0.07320303776586153,0.06318952,0.021850605
0.07335559690526326,0.06317188,0.021832947
0.07350815604466499,0.061164655,0.0218258
0.07366071518406672,0.07987124,0.021822887
0.07381327432346844,0.06650819,0.021806823
0.07396583346287018,0.06688528,0.021809733
0.07411839260227192,0.07396073,0.021789055
0.07427095174167365,0.07556229,0.02174995
0.07442351088107539,0.074298434,0.021739312
0.07457607002047711,0.06442134,0.021730402
0.07472862915987885,0.065647826,0.02172177
0.07488118829928057,0.084514186,0.021705614
0.07503374743868231,0.071763836,0.021705823
0.07518630657808405,0.06756106,0.021659257
0.07533886571748578,0.07449512,0.021643223
0.07549142485688752,0.06284698,0.02165761
0.07564398399628924,0.06342614,0.02162241
0.07579654313569098,0.072375305,0.021650188
0.07594910227509272,0.06352095,0.021612827
0.07610166141449444,0.067219995,0.021565676
0.07625422055389618,0.048874523,0.021543873
0.0764067796932979,0.06568085,0.021549571
0.07655933883269965,0.06481853,0.021544065
0.07671189797210137,0.060981844,0.02154288
0.07686445711150311,0.062184356,0.021505797
0.07701701625090485,0.061561447,0.021477638
0.07716957539030657,0.07003369,0.021454815
0.0773221345297083,0.079135776,0.021481788
0.07747469366911003,0.06394624,0.021444578
0.07762725280851177,0.061628766,0.02144926
0.0777798119479135,0.059187144,0.021422928
0.07793237108731524,0.069102265,0.021394426
0.07808493022671698,0.07651434,0.021396907
0.0782374893661187,0.06830554,0.021389827
0.07839004850552043,0.068609394,0.021362716
0.07854260764492216,0.06724447,0.021354586
0.0786951667843239,0.060867332,0.021340128
0.07884772592372563,0.061818976,0.021307955
0.07900028506312737,0.06583074,0.021287512
0.0791528442025291,0.06434169,0.021300724
0.07930540334193083,0.063281104,0.021269768
0.07945796248133256,0.058510873,0.021270368
0.07961052162073429,0.0669638,0.021265756
0.07976308076013602,0.07363991,0.021207726
0.07991563989953776,0.06415543,0.021201544
0.0800681990389395,0.06459315,0.02119935
0.08022075817834123,0.07541347,0.021212615
0.08037331731774296,0.06776811,0.021199333
0.0805258764571447,0.06935078,0.021187281
0.08067843559654642,0.06392461,0.021141661
0.08083099473594815,0.06535509,0.02112474
0.08098355387534989,0.061903447,0.021118015
0.08113611301475161,0.059645347,0.021099294
0.08128867215415336,0.06569603,0.021089783
0.08144123129355509,0.066780575,0.021124799
0.08159379043295682,0.06198615,0.02107533
0.08174634957235855,0.06487209,0.021039272
0.08189890871176028,0.06601798,0.021039808
0.08205146785116202,0.074158266,0.021041434
0.08220402699056374,0.06997596,0.021021497
0.08235658612996548,0.06911037,0.02100589
0.08250914526936722,0.05888656,0.02097549
0.08266170440876895,0.062006567,0.020943109
0.08281426354817067,0.06980456,0.020961039
0.08296682268757241,0.08496105,0.020953435
0.08311938182697415,0.06531752,0.020918079
0.08327194096637587,0.061665725,0.020921025
0.08342450010577761,0.056096558,0.020899266
0.08357705924517934,0.06430883,0.020874236
0.08372961838458108,0.05805399,0.020872626
0.0838821775239828,0.060928356,0.020879125
0.08403473666338454,0.056493133,0.02086148
0.08418729580278628,0.04813627,0.020838428
0.084339854942188,0.06354926,0.020832874
0.08449241408158974,0.06748861,0.020811519
0.08464497322099146,0.06689786,0.020798728
0.08479753236039321,0.065488115,0.020787263
0.08495009149979493,0.07254293,0.02078659
0.08510265063919667,0.06432369,0.020772321
0.0852552097785984,0.07350495,0.020776073
0.08540776891800013,0.0686786,0.020717723
0.08556032805740187,0.05503508,0.0207125
0.08571288719680359,0.061437227,0.020712435
0.08586544633620533,0.061791923,0.020699626
0.08601800547560706,0.064843565,0.020684974
0.0861705646150088,0.06509805,0.020687368
0.08632312375441054,0.066600524,0.02063442
0.08647568289381226,0.07173789,0.020649776
0.086628242033214,0.06501669,0.020638885
0.08678080117261572,0.05849194,0.020622972
0.08693336031201745,0.06492859,0.020614756
0.08708591945141919,0.060240325,0.020592302
0.08723847859082093,0.06327602,0.020571927
0.08739103773022266,0.068129525,0.020554412
0.08754359686962439,0.07120291,0.020568239
0.08769615600902612,0.061573457,0.020542007
0.08784871514842785,0.068115376,0.020541536
0.08800127428782958,0.060539823,0.0205192
0.08815383342723132,0.06585733,0.020475086
0.08830639256663306,0.06320955,0.020489933
0.0884589517060348,0.06029762,0.020472106
0.08861151084543652,0.062735185,0.020461673
0.08876406998483825,0.067842245,0.020455882
0.08891662912423998,0.06529656,0.02045304
0.08906918826364171,0.07532982,0.020428786
0.08922174740304345,0.064155355,0.020396395
0.08937430654244517,0.06802199,0.020402463
0.08952686568184692,0.063077524,0.020390477
0.08967942482124865,0.066789985,0.020388784
0.08983198396065038,0.071693644,0.020370852
0.0899845431000521,0.07028495,0.020332959
0.09013710223945384,0.06555803,0.020320514
0.09028966137885558,0.05858245,0.02030696
0.0904422205182573,0.06488486,0.020316942
0.09059477965765904,0.061594874,0.020316863
0.09074733879706078,0.05920922,0.020296749
0.09089989793646251,0.066786475,0.020277152
0.09105245707586423,0.05886563,0.020233423
0.09120501621526597,0.061543077,0.020266127
0.09135757535466771,0.05776997,0.02024646
0.09151013449406943,0.05466614,0.020238547
0.09166269363347117,0.061343715,0.020244349
0.09181525277287289,0.06681556,0.02021071
0.09196781191227464,0.061110698,0.02016922
0.09212037105167636,0.061574213,0.020186357
0.0922729301910781,0.051375538,0.0201772
0.09242548933047984,0.05631861,0.020161973
0.09257804846988156,0.06058633,0.020155238
0.0927306076092833,0.059597958,0.020123977
0.09288316674868502,0.061483636,0.020110006
0.09303572588808677,0.053684942,0.020097869
0.0931882850274885,0.05616599,0.020102642
0.09334084416689023,0.05852486,0.020080995
0.09349340330629197,0.066112675,0.020082537
0.09364596244569369,0.06873853,0.02005506
0.09379852158509543,0.06832642,0.020015556
0.09395108072449715,0.06770379,0.02002032
0.09410363986389889,0.06513926,0.020031033
0.09425619900330062,0.06043487,0.020013763
0.09440875814270236,0.061236955,0.020020084
0.0945613172821041,0.068401724,0.019995885
0.09471387642150582,0.06980974,0.019957054
0.09486643556090756,0.07054074,0.019964587
0.09501899470030928,0.06641069,0.019956468
0.09517155383971102,0.05473608,0.019937672
0.09532411297911275,0.05097534,0.019935755
0.09547667211851449,0.06990557,0.019920757
0.09562923125791623,0.063934356,0.019887289
0.09578179039731795,0.054891072,0.019886438
0.09593434953671968,0.060475174,0.019887004
0.09608690867612141,0.069755204,0.01989637
0.09623946781552314,0.052595638,0.019871026
0.09639202695492488,0.050717182,0.019841893
0.0965445860943266,0.05645799,0.01981979
0.09669714523372835,0.05837956,0.019821474
0.09684970437313008,0.056265477,0.019812774
0.09700226351253181,0.066859215,0.019802902
0.09715482265193354,0.056864124,0.019803345
0.09730738179133527,0.05724831,0.019785086
0.09745994093073701,0.06333675,0.019755218
0.09761250007013873,0.05382261,0.019740596
0.09776505920954047,0.05161679,0.019745812
0.0979176183489422,0.058130942,0.01972709
0.09807017748834394,0.060723566,0.019719208
0.09822273662774567,0.06008436,0.019711051
0.0983752957671474,0.068768695,0.019699108
0.09852785490654914,0.06103775,0.01967277
0.09868041404595086,0.06447134,0.019684928
0.0988329731853526,0.06789899,0.01965827
0.09898553232475434,0.071228504,0.019665523
0.09913809146415607,0.0608797,0.019655364
0.0992906506035578,0.05738521,0.019613503
0.09944320974295953,0.05046181,0.019598175
0.09959576888236127,0.055860355,0.019605001
0.09974832802176299,0.052037977,0.01958673
0.09990088716116473,0.056628007,0.019589685
0.10005344630056645,0.059248645,0.019602798
0.10020600543996819,0.059775375,0.019557172
0.10035856457936992,0.058567047,0.019526258
0.10051112371877165,0.056596853,0.019530553
0.10066368285817338,0.05616575,0.019529162
0.10081624199757513,0.059721936,0.019527534
0.10096880113697687,0.063480474,0.019513013
0.1011213602763786,0.053667847,0.019483456
0.10127391941578033,0.04993932,0.019461378
0.10142647855518205,0.056619074,0.019463161
0.10157903769458379,0.059927817,0.019467682
0.10173159683398553,0.06729102,0.01947552
0.10188415597338725,0.07001505,0.01946439
0.10203671511278899,0.05328923,0.019422295
0.10218927425219071,0.056157485,0.01939848
0.10234183339159245,0.0583525,0.019404005
0.10249439253099418,0.06080178,0.019408885
0.1026469516703959,0.05631962,0.01938513
0.10279951080979764,0.061100356,0.0193873
0.10295206994919937,0.064756006,0.019351868
0.10310462908860113,0.062382273,0.019335505
0.10325718822800285,0.05930768,0.019330556
0.10340974736740459,0.06271899,0.01935702
0.10356230650680631,0.057486013,0.019328905
0.10371486564620805,0.05907064,0.019325972
0.10386742478560979,0.06337787,0.019308966
0.10401998392501151,0.066739246,0.01928479
0.10417254306441324,0.065954626,0.01927818
0.10432510220381497,0.060236763,0.019287033
0.1044776613432167,0.064675234,0.019258529
0.10463022048261844,0.056268144,0.01925976
0.10478277962202016,0.06158289,0.019236756
0.1049353387614219,0.053664904,0.019213386
0.10508789790082362,0.063321516,0.019217407
0.10524045704022536,0.06991472,0.01920666
0.1053930161796271,0.059123937,0.0191928
0.10554557531902885,0.066521265,0.019213378
0.10569813445843057,0.056605145,0.01919475
0.10585069359783231,0.05857875,0.019159919
0.10600325273723404,0.0517893,0.019144392
0.10615581187663577,0.04468029,0.019142406
0.1063083710160375,0.051741518,0.019144017
0.10646093015543923,0.048597652,0.019129755
0.10661348929484096,0.046791505,0.019121772
0.1067660484342427,0.054137245,0.019093798
0.10691860757364442,0.063073605,0.019111324
0.10707116671304616,0.061144274,0.019096741
0.10722372585244788,0.05795941,0.019091949
0.10737628499184962,0.06504968,0.019347986
0.10752884413125136,0.06400157,0.0196324
0.10768140327065308,0.07146176,0.019854011
0.10783396241005483,0.06083314,0.020024592
0.10798652154945657,0.061396398,0.020181164
0.1081390806888583,0.065028615,0.020291617
0.10829163982826003,0.065105386,0.020374442
0.10844419896766176,0.065450884,0.020443033
0.10859675810706348,0.068281084,0.020839404
0.10874931724646522,0.06881934,0.021403553
0.10890187638586696,0.068365544,0.021812817
0.10905443552526868,0.059825763,0.022138046
0.10920699466467042,0.07243459,0.02242434
0.10935955380407214,0.060523402,0.022717882
0.10951211294347388,0.059675824,0.02302501
0.10966467208287561,0.05556291,0.023289436
0.10981723122227734,0.056123964,0.023551092
0.10996979036167907,0.049457133,0.023807943
0.1101223495010808,0.046147034,0.024052966
0.11027490864048256,0.055255104,0.024323815
0.11042746777988428,0.052666277,0.024570625
0.11058002691928602,0.058533184,0.02487418
0.11073258605868774,1.953075,0.047647238
0.11088514519808948,0.073688775,0.02537075
0.11103770433749122,0.052763995,0.025641935
0.11119026347689294,0.053913314,0.025856458
0.11134282261629468,0.05584353,0.026161788
0.1114953817556964,0.043999832,0.026377926
0.11164794089509814,0.05792054,0.026627699
0.11180050003449987,0.067574546,0.026821233
0.1119530591739016,0.06333632,0.027001865
0.11210561831330333,0.0635835,0.027161544
0.11225817745270505,0.06897634,0.027305147
0.11241073659210679,0.049298987,0.027383223
0.11256329573150854,0.057213463,0.027489252
0.11271585487091028,0.065821655,0.027612286
0.112868414010312,0.06955702,0.027715923
0.11302097314971374,0.06271553,0.02791435
0.11317353228911547,0.05396999,0.027956298
0.1133260914285172,0.051423468,0.028077176
0.11347865056791893,0.056118812,0.028100109
0.11363120970732066,0.04461865,0.028157309
0.1137837688467224,0.04297006,0.028211484
0.11393632798612413,0.050531816,0.028216727
0.11408888712552585,0.054770857,0.028269479
0.11424144626492759,0.04814668,0.028301986
0.11439400540432931,0.04703985,0.028376775
0.11454656454373105,0.052530248,0.028424283
0.11469912368313279,0.059473954,0.028457757
0.11485168282253451,0.06267618,0.028474068
0.11500424196193626,0.069081776,0.028486783
0.115156801101338,0.05361433,0.028579487
0.11530936024073973,0.048408266,0.028737579
0.11546191938014146,0.053331986,0.028804688
0.11561447851954319,0.05269305,0.02887494
0.11576703765894492,0.061134934,0.029000703
0.11591959679834665,0.051381886,0.029075677
0.11607215593774839,0.058675457,0.029185912
0.11622471507715011,0.06824874,0.029273901
0.11637727421655185,0.058346618,0.029400045
0.11652983335595357,0.064005986,0.029468436
0.11668239249535531,0.050337147,0.029561957
0.11683495163475704,0.04033395,0.029707357
0.11698751077415877,0.044129822,0.029784746
0.1171400699135605,0.048210688,0.02986318
0.11729262905296226,0.049341176,0.029972611
0.11744518819236399,0.058429137,0.03008235
0.11759774733176571,0.055190854,0.030167073
0.11775030647116745,0.040968698,0.030274365
0.11790286561056917,0.038343713,0.030386029
0.11805542474997091,0.04658239,0.030476775
0.11820798388937265,0.040327586,0.030595139
0.11836054302877437,0.043976385,0.030677112
0.11851310216817611,0.044850893,0.030780373
0.11866566130757783,0.049419828,0.030879766
0.11881822044697957,0.039971784,0.030974612
0.1189707795863813,0.049369387,0.031103339
0.11912333872578303,0.046680328,0.031214563
0.11927589786518476,0.033057697,0.031285036
0.11942845700458649,0.050566584,0.03141468
0.11958101614398822,0.049388915,0.03156633
0.11973357528338997,0.042237587,0.031620704
0.11988613442279171,0.05084199,0.031756077
0.12003869356219343,0.05727307,0.03180787
0.12019125270159517,0.05912716,0.03193938
0.1203438118409969,0.06173683,0.032071088
0.12049637098039863,0.059024822,0.032152995
0.12064893011980037,0.054087102,0.03223732
0.12080148925920209,0.0381055,0.032346
0.12095404839860383,0.04571643,0.03245573
0.12110660753800556,0.06331232,0.032617096
0.12125916667740728,0.046936292,0.03266731
0.12141172581680902,0.03476682,0.032773554
0.12156428495621074,0.03739405,0.032900326
0.12171684409561248,0.041484512,0.033003222
0.12186940323501422,0.05858448,0.0331501
0.12202196237441594,0.0603413,0.033273153
0.12217452151381769,0.063130125,0.03339581
0.12232708065321943,0.05298904,0.033494886
0.12247963979262116,0.053715695,0.033560548
0.12263219893202289,0.048061986,0.0336623
0.12278475807142462,0.060088146,0.03383503
0.12293731721082635,0.067960694,0.03391107
0.12308987635022808,0.05984277,0.03402085
0.12324243548962982,0.05514978,0.034201138
0.12339499462903154,0.06026442,0.034295175
0.12354755376843328,0.03925927,0.034343977
0.123700112907835,0.0504248,0.034522187
0.12385267204723674,0.052667625,0.034677133
0.12400523118663848,0.03824456,0.034763332
0.1241577903260402,0.0430416,0.034828268
0.12431034946544194,0.043838575,0.034959428
0.12446290860484369,0.03155089,0.035055816
0.12461546774424542,0.039710347,0.03522005
0.12476802688364715,0.029116344,0.035319086
0.12492058602304888,0.032093376,0.035420585
0.1250731451624506,0.04669853,0.035618927
0.12522570430185234,0.052739978,0.035703864
0.12537826344125408,0.04335301,0.035794254
0.12553082258065582,0.041413784,0.03593152
0.12568338172005752,0.04491919,0.036081694
0.12583594085945926,0.05132554,0.03620177
0.125988499998861,0.04777124,0.03631492
0.12614105913826273,0.059128467,0.03651453
0.12629361827766447,0.048606787,0.03656941
0.12644617741706618,0.046733126,0.036714967
0.12659873655646792,0.041866537,0.036862925
0.12675129569586965,0.03858982,0.036965597
0.12690385483527142,0.037601642,0.037088245
0.12705641397467313,0.046835314,0.03724984
0.12720897311407486,0.04648335,0.037404094
0.1273615322534766,0.036766447,0.03753479
0.12751409139287834,0.041854817,0.037628792
0.12766665053228007,0.03593976,0.03781323
0.12781920967168178,0.04144343,0.037898846
0.12797176881108352,0.045333188,0.03807759
0.12812432795048526,0.063402936,0.038206797
0.128276887089887,0.066228256,0.03833589
0.12842944622928873,0.047255274,0.03850666
0.12858200536869044,0.039310537,0.038630627
0.12873456450809218,0.053679302,0.038789466
0.1288871236474939,0.05697649,0.039003663
0.12903968278689565,0.047888726,0.039119046
0.12919224192629739,0.03803062,0.03926489
0.12934480106569912,0.036081593,0.03941098
0.12949736020510086,0.044665758,0.039561555
0.1296499193445026,0.051244333,0.039715342
0.12980247848390433,0.06536514,0.03983848
0.12995503762330604,0.04960668,0.040019594
0.13010759676270778,0.051867608,0.040128972
0.13026015590210951,0.036559246,0.040312484
0.13041271504151125,0.05105353,0.040447414
0.130565274180913,0.05474058,0.040653467
0.1307178333203147,0.049618043,0.040857933
0.13087039245971643,0.04915035,0.040934782
0.13102295159911817,0.057665974,0.041198608
0.1311755107385199,0.04864571,0.04142629
0.13132806987792164,0.041578837,0.041545127
0.13148062901732335,0.054517604,0.041631054
0.13163318815672512,0.049171764,0.041839726
0.13178574729612685,0.030001348,0.041949976
0.1319383064355286,0.03514445,0.042218
0.1320908655749303,0.04094667,0.042320244
0.13224342471433204,0.04720027,0.042485088
0.13239598385373377,0.03529764,0.042699646
0.1325485429931355,0.038209207,0.04292843
0.13270110213253725,0.0339024,0.043038335
0.13285366127193896,0.031199433,0.043257333
0.1330062204113407,0.056490943,0.043413803
0.13315877955074243,0.04962105,0.043664254
0.13331133869014417,0.045851648,0.043830007
0.1334638978295459,0.04510985,0.044059582
0.1336164569689476,0.041534703,0.04422818
0.13376901610834935,0.024058042,0.044456214
0.1339215752477511,0.042431917,0.04458263
0.13407413438715285,0.049296305,0.04481493
0.13422669352655456,0.029131155,0.04502525
0.1343792526659563,0.04746352,0.04527064
0.13453181180535803,0.04729222,0.045508083
0.13468437094475977,0.052761447,0.04564899
0.1348369300841615,0.038919307,0.045843847
0.1349894892235632,0.04798096,0.04610459
0.13514204836296495,0.03309406,0.04629562
0.1352946075023667,0.03555528,0.04651201
0.13544716664176842,0.04551332,0.046780393
0.13559972578117016,0.025745377,0.046970066
0.13575228492057187,0.04128159,0.0472746
0.1359048440599736,0.03369435,0.04747826
0.13605740319937534,0.025758374,0.0476659
0.13620996233877708,0.028565476,0.047983695
0.13636252147817882,0.027393227,0.04820979
0.13651508061758055,0.03801048,0.048397753
0.1366676397569823,0.030770944,0.04868641
0.13682019889638403,0.04004689,0.04894816
0.13697275803578576,0.037771266,0.04916256
0.13712531717518747,0.029779432,0.049472593
0.1372778763145892,0.039012432,0.04972376
0.13743043545399095,0.025318448,0.049962297
0.13758299459339268,0.040365756,0.050290857
0.13773555373279442,0.033255875,0.050648604
0.13788811287219613,0.030712664,0.050799374
0.13804067201159786,0.034452863,0.051141646
0.1381932311509996,0.039880875,0.051377553
0.13834579029040134,0.04577375,0.051677592
0.13849834942980307,0.032491475,0.052027002
0.1386509085692048,0.038825393,0.052263755
0.13880346770860655,0.046187792,0.05259845
0.13895602684800828,0.039019927,0.05294905
0.13910858598741002,0.044549596,0.053197943
0.13926114512681173,0.05092553,0.0535678
0.13941370426621347,0.03291284,0.053912006
0.1395662634056152,0.027466338,0.05421319
0.13971882254501694,0.03443657,0.054639917
0.13987138168441868,0.038409874,0.05510913
0.1400239408238204,0.042582665,0.055393893
0.14017649996322212,0.035728186,0.055658113
0.14032905910262386,0.032892667,0.055978835
0.1404816182420256,0.030655328,0.056325037
0.14063417738142733,0.01999342,0.05678258
0.14078673652082904,0.025214355,0.057098225
0.14093929566023078,0.027318254,0.057492606
0.14109185479963254,0.022974217,0.057965703
0.14124441393903428,0.018048653,0.058281314
0.141396973078436,0.051102035,0.058935948
0.14154953221783773,0.041242614,0.05943711
0.14170209135723946,0.043758597,0.059641387
0.1418546504966412,0.06895688,0.060064312
0.14200720963604294,0.039873682,0.06052773
0.14215976877544464,0.034620114,0.060895238
0.14231232791484638,0.022890909,0.061657794
0.14246488705424812,0.01565738,0.061924756
0.14261744619364985,0.016342092,0.06233962
0.1427700053330516,0.010549412,0.06295047
