#DAT file by SAXSII - Timestamp: 09/12/2024 14:40:48
radial-q_A^-1,intensity,sigma
0.00012720999243161018,6350392.5,826.0476
0.0002797691318333428,6104554.5,535.5086
0.00043232827123507536,5835199.5,421.87054
0.000584887410636808,5477635.5,347.6752
0.0007374465500385405,5041589.5,294.0649
0.0008900056894402731,4546802.5,253.72224
0.0010425648288420058,4021332.5,220.7655
0.0011951239682437384,3498563.0,194.43452
0.001347683107645471,2974238.8,170.70485
0.0015002422470472036,2452017.0,146.1873
0.001652801386448936,1950663.5,122.54797
0.0018053605258506686,1493654.1,101.63567
0.0019579196652524016,1100672.9,83.698074
0.002110478804654134,774954.7,68.41067
0.0022630379440558668,520870.78,55.131767
0.002415597083457599,332454.1,42.64852
0.002568156222859332,201693.8,31.67967
0.0027207153622610643,119987.266,23.468145
0.0028732745016627967,69589.266,17.312292
0.0030258336410645295,39539.195,12.823438
0.003178392780466262,21811.379,9.413136
0.0033309519198679947,11507.411,6.68895
0.003483511059269727,5832.4824,4.6200256
0.0036360701986714594,2824.6272,3.1275125
0.0037886293380731927,1320.9205,2.087859
0.003941188477474925,598.16693,1.3793927
0.004093747616876658,264.282,0.90500873
0.004246306756278391,116.590614,0.5936798
0.004398865895680123,51.030735,0.38378084
0.004551425035081855,23.386135,0.25610033
0.004703984174483589,10.192955,0.16544954
0.004856543313885321,5.1380653,0.11745016
0.005009102453287053,2.8634377,0.08791995
0.005161661592688786,1.8401479,0.07215272
0.005314220732090518,1.4047014,0.06354216
0.005466779871492251,1.1530535,0.059092104
0.005619339010893984,1.0091616,0.05628747
0.005771898150295716,0.94196296,0.054764837
0.0059244572896974485,0.7752271,0.051915422
0.006077016429099181,0.76050127,0.05143234
0.006229575568500914,0.76695544,0.050979353
0.006382134707902647,0.7075987,0.04989136
0.00653469384730438,0.6643893,0.04808049
0.006687252986706112,0.65804327,0.04802288
0.0068398121261078445,0.54050833,0.046494186
0.006992371265509577,0.5059495,0.045255486
0.00714493040491131,0.51686335,0.04494832
0.0072974895443130424,0.46138752,0.043575436
0.0074500486837147765,0.46950385,0.043620285
0.007602607823116509,0.3871296,0.04217968
0.007755166962518241,0.43472165,0.042415246
0.007907726101919975,0.35578874,0.04123554
0.008060285241321706,0.35600784,0.041082732
0.00821284438072344,0.3464404,0.040407717
0.00836540352012517,0.36646995,0.04045222
0.008517962659526904,0.31540754,0.03967009
0.008670521798928637,0.33642808,0.039303783
0.008823080938330369,0.31958705,0.03900709
0.008975640077732102,0.26021513,0.03817817
0.009128199217133834,0.30131447,0.038189854
0.009280758356535567,0.28373075,0.03809213
0.0094333174959373,0.25202087,0.03740973
0.009585876635339032,0.28218427,0.037424665
0.009738435774740765,0.26875538,0.037038904
0.009890994914142498,0.22144063,0.036457524
0.01004355405354423,0.26004472,0.036334105
0.010196113192945963,0.21969587,0.035763457
0.010348672332347694,0.19392584,0.035579298
0.010501231471749427,0.21240354,0.035369623
0.01065379061115116,0.20264938,0.035016365
0.010806349750552892,0.18984106,0.034709107
0.010958908889954625,0.21980587,0.034532297
0.011111468029356357,0.18884563,0.034228586
0.01126402716875809,0.18814942,0.034139413
0.011416586308159823,0.17780775,0.033957366
0.011569145447561555,0.16570532,0.03360623
0.011721704586963288,0.18356645,0.033201765
0.01187426372636502,0.1855999,0.03302421
0.012026822865766753,0.19514453,0.032842178
0.012179382005168486,0.19597816,0.03290138
0.012331941144570218,0.1981269,0.032539245
0.012484500283971953,0.18223862,0.032443255
0.012637059423373682,0.1687471,0.032066464
0.012789618562775416,0.18335281,0.03186161
0.012942177702177147,0.19754364,0.031721883
0.01309473684157888,0.19594586,0.031626556
0.013247295980980612,0.16776597,0.03130803
0.013399855120382345,0.17644452,0.031239836
0.013552414259784077,0.17219986,0.031004138
0.013704973399185812,0.17029978,0.030767126
0.013857532538587541,0.15894304,0.030659989
0.014010091677989276,0.16097172,0.030372657
0.014162650817391008,0.16618991,0.030328931
0.014315209956792741,0.17407362,0.03017763
0.014467769096194473,0.16844551,0.030026022
0.014620328235596206,0.19206196,0.029855901
0.01477288737499794,0.15758538,0.029674362
0.01492544651439967,0.14685597,0.029507346
0.015078005653801406,0.17387094,0.029317953
0.015230564793203137,0.1737303,0.029285472
0.01538312393260487,0.14589147,0.028979803
0.015535683072006602,0.15515949,0.02882476
0.015688242211408337,0.16320302,0.028756168
0.015840801350810067,0.15581948,0.02866005
0.0159933604902118,0.16733974,0.028520038
0.016145919629613533,0.1613122,0.028320186
0.016298478769015266,0.1603559,0.028251022
0.016451037908416996,0.14069323,0.028109295
0.01660359704781873,0.15449041,0.02789421
0.016756156187220463,0.15800998,0.027843434
0.016908715326622196,0.14219713,0.027684456
0.017061274466023926,0.14856894,0.027547657
0.017213833605425662,0.13324139,0.027450107
0.017366392744827392,0.13769062,0.027258862
0.017518951884229125,0.13964291,0.027140757
0.01767151102363086,0.15263675,0.02709455
0.017824070163032592,0.13843033,0.026975682
0.01797662930243432,0.14805837,0.026905486
0.018129188441836055,0.14473824,0.026767723
0.018281747581237788,0.13199523,0.026585791
0.01843430672063952,0.1524038,0.02650792
0.01858686586004125,0.13819726,0.026396824
0.018739424999442988,0.13670416,0.026247757
0.018891984138844718,0.15561269,0.026249979
0.01904454327824645,0.14167938,0.026077326
0.019197102417648184,0.13047746,0.025881551
0.019349661557049917,0.13956404,0.025819175
0.019502220696451647,0.13859779,0.025717074
0.019654779835853384,0.13856244,0.025678324
0.019807338975255117,0.12761594,0.025576001
0.019959898114656847,0.13496165,0.025426053
0.02011245725405858,0.12683678,0.02535978
0.020265016393460313,0.11894345,0.025175594
0.020417575532862046,0.1170958,0.025118634
0.020570134672263776,0.13439572,0.025146034
0.020722693811665513,0.1263877,0.024980118
0.020875252951067243,0.13009246,0.02489256
0.021027812090468976,0.11766859,0.024783393
0.02118037122987071,0.12532066,0.024658361
0.021332930369272442,0.13221827,0.02456409
0.021485489508674172,0.13144624,0.024508866
0.021638048648075905,0.10812259,0.02438212
0.02179060778747764,0.11037801,0.024341233
0.021943166926879372,0.124208406,0.02429132
0.0220957260662811,0.12399982,0.024149239
0.02224828520568284,0.12099422,0.024058038
0.022400844345084568,0.12324267,0.02403047
0.0225534034844863,0.11848793,0.023926854
0.022705962623888035,0.12435963,0.023870938
0.022858521763289768,0.101726726,0.02378054
0.023011080902691498,0.104622506,0.023658779
0.02316364004209323,0.118234485,0.023596715
0.023316199181494964,0.13030852,0.023559796
0.023468758320896697,0.11075555,0.023445506
0.023621317460298427,0.11201983,0.023415385
0.023773876599700164,0.11764028,0.023292735
0.023926435739101894,0.11949075,0.023198672
0.024078994878503627,0.122066624,0.02312497
0.02423155401790536,0.12516299,0.023074394
0.024384113157307093,0.117796205,0.022972656
0.024536672296708823,0.1155745,0.022952702
0.024689231436110556,0.10258644,0.022850137
0.024841790575512293,0.11867556,0.022779005
0.024994349714914023,0.10972424,0.022668015
0.025146908854315753,0.11712495,0.022644937
0.02529946799371749,0.1170616,0.022567997
0.025452027133119223,0.10839106,0.022560688
0.025604586272520952,0.11330076,0.02245115
0.025757145411922686,0.11454162,0.022360023
0.025909704551324422,0.11433106,0.02225986
0.026062263690726152,0.1057424,0.022204576
0.026214822830127882,0.10020374,0.022189016
0.026367381969529615,0.11943779,0.022152906
0.026519941108931352,0.10475501,0.02203682
0.02667250024833308,0.094815746,0.021976378
0.026825059387734815,0.114348665,0.021951785
0.026977618527136545,0.11502373,0.021843523
0.02713017766653828,0.110505484,0.021843808
0.02728273680594001,0.11843406,0.021772658
0.027435295945341744,0.11157477,0.02179694
0.027587855084743474,0.09347647,0.021969475
0.02774041422414521,0.103314094,0.02205848
0.027892973363546944,0.10577605,0.022112597
0.028045532502948674,0.102099515,0.022177
0.028198091642350404,0.10833534,0.022216754
0.02835065078175214,0.11070748,0.02228191
0.028503209921153874,0.0922707,0.022293326
0.028655769060555603,0.09401635,0.02225623
0.028808328199957337,0.109059036,0.022260422
0.028960887339359073,0.10792431,0.022242548
0.029113446478760803,0.10606016,0.022252513
0.029266005618162533,0.104439326,0.022332057
0.02941856475756427,0.09752205,0.022285793
0.029571123896966003,0.09602187,0.02224442
0.029723683036367732,0.09639276,0.022229325
0.029876242175769466,0.10132876,0.022205314
0.030028801315171202,0.10540946,0.022259898
0.030181360454572932,0.090178765,0.022253884
0.030333919593974662,0.08154037,0.022225343
0.030486478733376395,0.09738592,0.022199124
0.030639037872778132,0.10872023,0.02232358
0.03079159701217986,0.10645339,0.022632025
0.030944156151581595,0.11806521,0.022811545
0.031096715290983325,0.09310389,0.022943312
0.03124927443038506,0.079601265,0.023029348
0.03140183356978679,0.0905899,0.0230819
0.03155439270918852,0.09908295,0.023187105
0.03170695184859026,0.093513876,0.02330542
0.031859510987991994,0.08947503,0.02336548
0.032012070127393724,0.10283194,0.02343785
0.032164629266795454,0.09933933,0.02346786
0.032317188406197184,0.094635434,0.02351385
0.03246974754559892,0.082160145,0.023538217
0.03262230668500065,0.09525172,0.0236521
0.03277486582440239,0.088357486,0.023683354
0.03292742496380412,0.10132891,0.023785139
0.03307998410320585,0.09376157,0.023812234
0.03323254324260758,0.09300209,0.023809636
0.03338510238200931,0.09663795,0.02382857
0.03353766152141104,0.09498163,0.023912447
0.03369022066081278,0.09062653,0.023945505
0.033842779800214516,0.089627534,0.023987347
0.033995338939616246,0.07929662,0.024035783
0.034147898079017976,0.086076885,0.024048913
0.03430045721841971,0.09224521,0.024081448
0.03445301635782144,0.1062986,0.024127362
0.03460557549722317,0.1032771,0.024221638
0.03475813463662491,0.08277898,0.024186088
0.034910693776026645,0.08989908,0.02422304
0.035063252915428375,0.085104115,0.024245942
0.035215812054830105,0.083014704,0.024258543
0.03536837119423184,0.07530429,0.02428488
0.03552093033363357,0.07060631,0.024328047
0.0356734894730353,0.09422852,0.024376614
0.03582604861243704,0.07937891,0.024395274
0.035978607751838775,0.08788196,0.024418902
0.036131166891240504,0.07388776,0.024385098
0.036283726030642234,0.07851038,0.024432108
0.036436285170043964,0.07566006,0.024540937
0.0365888443094457,0.072766855,0.024947286
0.03674140344884743,0.07998415,0.02539129
0.03689396258824917,0.0876045,0.025671966
0.0370465217276509,0.08268392,0.025838269
0.037199080867052634,0.086714484,0.026006777
0.03735164000645436,0.07755781,0.02618563
0.03750419914585609,0.085428886,0.02639314
0.03765675828525783,0.08559696,0.026651725
0.037809317424659566,0.081645146,0.026819503
0.037961876564061296,0.07611712,0.026962452
0.038114435703463026,0.090540186,0.027102461
0.038266994842864756,0.09703189,0.027229896
0.03841955398226649,0.079807945,0.027357606
0.03857211312166822,0.08249179,0.027597325
0.03872467226106996,0.07871203,0.027766248
0.03887723140047169,0.079919435,0.027867148
0.039029790539873425,0.09289704,0.027969904
0.039182349679275155,0.092178285,0.02811897
0.039334908818676885,0.08997197,0.028288431
0.03948746795807862,0.10029478,0.028555376
0.03964002709748035,0.09457629,0.028697278
0.03979258623688209,0.07940128,0.028744549
0.03994514537628382,0.084667265,0.028846422
0.040097704515685555,0.09478757,0.0289789
0.040250263655087284,0.089517586,0.02910482
0.040402822794489014,0.08265755,0.029395893
0.040555381933890744,0.08668222,0.029601088
0.04070794107329248,0.07307102,0.029674057
0.04086050021269422,0.077719405,0.029732712
0.04101305935209595,0.07405993,0.029859742
0.04116561849149768,0.08511933,0.0299609
0.041318177630899414,0.07925122,0.030237608
0.04147073677030114,0.07941855,0.029923221
0.04162329590970287,0.10024228,0.02913539
0.04177585504910461,0.09614658,0.028774772
0.04192841418850635,0.09726515,0.028558005
0.042080973327908076,0.07015698,0.028300647
0.042233532467309806,0.07567699,0.028144406
0.042386091606711536,0.0738338,0.027993422
0.04253865074611327,0.08223538,0.027848002
0.042691209885515,0.086597495,0.027692253
0.04284376902491674,0.0987598,0.027686462
0.04299632816431847,0.07644418,0.027549945
0.043148887303720206,0.08576886,0.027449233
0.043301446443121935,0.074366055,0.027407194
0.043454005582523665,0.07102229,0.02730892
0.043606564721925395,0.082088605,0.027219873
0.04375912386132713,0.08779158,0.02719858
0.04391168300072887,0.084329315,0.02708117
0.0440642421401306,0.08634057,0.027039561
0.044216801279532335,0.07931477,0.026979355
0.044369360418934065,0.07635934,0.026887456
0.044521919558335794,0.08143852,0.02684932
0.044674478697737524,0.0741801,0.026795626
0.04482703783713926,0.07567784,0.026745373
0.044979596976541,0.076882474,0.026664551
0.04513215611594273,0.07994213,0.026664356
0.04528471525534446,0.07572274,0.026601726
0.045437274394746194,0.083004855,0.02652696
0.045589833534147924,0.09464563,0.026489861
0.04574239267354965,0.071586914,0.026443683
0.04589495181295139,0.083501756,0.026353214
0.04604751095235313,0.08042729,0.026265629
0.046200070091754857,0.08932524,0.026212327
0.046352629231156586,0.07425428,0.026087862
0.046505188370558316,0.08107115,0.026037572
0.04665774750996005,0.07797704,0.025979426
0.04681030664936178,0.08807387,0.025921838
0.04696286578876352,0.06608677,0.025835628
0.04711542492816525,0.074077964,0.02576969
0.047267984067566986,0.07530135,0.025645243
0.047420543206968715,0.064654954,0.025624191
0.047573102346370445,0.07051121,0.025592817
0.047725661485772175,0.0758534,0.025499461
0.04787822062517391,0.059395712,0.025440708
0.04803077976457565,0.067751005,0.02535557
0.04818333890397738,0.07635272,0.025289893
0.04833589804337911,0.07214611,0.025220053
0.048488457182780845,0.07236707,0.025208747
0.048641016322182574,0.079853736,0.02516551
0.048793575461584304,0.07705742,0.025054954
0.04894613460098604,0.08799883,0.025040405
0.04909869374038778,0.083844125,0.024955299
0.04925125287978951,0.09432977,0.024926558
0.04940381201919124,0.08000579,0.024838245
0.049556371158592974,0.08129325,0.024787752
0.049708930297994704,0.075394265,0.024734937
0.04986148943739643,0.072857454,0.024728373
0.05001404857679817,0.066302784,0.024641562
0.0501666077161999,0.07389734,0.02465124
0.05031916685560163,0.075553246,0.024635296
0.05047172599500337,0.06974082,0.02459772
0.0506242851344051,0.07414036,0.024592431
0.05077684427380683,0.081604,0.024606913
0.05092940341320856,0.08504416,0.024533834
0.0510819625526103,0.09156031,0.024511335
0.05123452169201203,0.07623127,0.02447603
0.05138708083141376,0.07268918,0.024480786
0.05153963997081549,0.082967155,0.024482425
0.05169219911021723,0.07810854,0.02444815
0.05184475824961896,0.07288,0.024385203
0.05199731738902069,0.06677677,0.024373744
0.05214987652842243,0.06797784,0.024354054
0.05230243566782416,0.0678326,0.024345262
0.05245499480722589,0.061089873,0.024305616
0.05260755394662762,0.07433624,0.024307964
0.05276011308602935,0.07434864,0.024276257
0.05291267222543109,0.060428172,0.024234619
0.05306523136483282,0.07063252,0.024272418
0.05321779050423456,0.067447245,0.02421708
0.05337034964363629,0.08178708,0.02419649
0.05352290878303802,0.061406583,0.024177724
0.05367546792243975,0.07707867,0.024188628
0.05382802706184148,0.0723263,0.02408973
0.05398058620124322,0.07178829,0.024106497
0.05413314534064495,0.06873583,0.024085958
0.05428570448004669,0.07547546,0.024075605
0.05443826361944842,0.089736916,0.024133092
0.05459082275885015,0.07981826,0.024056712
0.054743381898251876,0.06667328,0.023972465
0.054895941037653606,0.07114565,0.02394714
0.05504850017705534,0.07161471,0.023968942
0.05520105931645708,0.06878711,0.023952497
0.055353618455858816,0.0675174,0.023928475
0.055506177595260546,0.072989814,0.023902247
0.055658736734662276,0.0722041,0.023883816
0.055811295874064006,0.06892717,0.023833334
0.055963855013465735,0.08745668,0.023849992
0.05611641415286747,0.07211597,0.023823727
0.0562689732922692,0.074121825,0.023843171
0.056421532431670945,0.07753831,0.02380873
0.056574091571072675,0.061782688,0.023744248
0.056726650710474405,0.0703083,0.023744436
0.056879209849876135,0.06456471,0.023740493
0.057031768989277865,0.054372765,0.023696681
0.0571843281286796,0.06631273,0.023735665
0.05733688726808133,0.07757827,0.023688836
0.05748944640748306,0.074454956,0.023601072
0.057642005546884804,0.07196374,0.02362104
0.057794564686286534,0.06287697,0.023603778
0.057947123825688264,0.074450806,0.02359842
0.058099682965089994,0.06797693,0.023567986
0.05825224210449173,0.06274963,0.0235444
0.05840480124389346,0.06801906,0.023529777
0.05855736038329519,0.07066419,0.02347574
0.058709919522696934,0.076339625,0.02350199
0.05886247866209866,0.072267294,0.023479287
0.05901503780150039,0.06559107,0.023459142
0.05916759694090212,0.055970382,0.023438817
0.05932015608030386,0.068397835,0.023393424
0.05947271521970559,0.06604532,0.023363907
0.05962527435910732,0.065609425,0.023353867
0.05977783349850905,0.07952606,0.023373978
0.05993039263791079,0.07039842,0.023358716
0.06008295177731252,0.073000096,0.023320291
0.06023551091671425,0.06209675,0.023300923
0.06038807005611599,0.07191763,0.023279322
0.06054062919551772,0.064967625,0.023279414
0.06069318833491945,0.060407206,0.023250932
0.06084574747432118,0.07003719,0.023247406
0.06099830661372291,0.060752608,0.023220826
0.06115086575312465,0.0638822,0.023183702
0.06130342489252638,0.06184298,0.02314039
0.06145598403192812,0.0600209,0.023139095
0.06160854317132985,0.06878091,0.023150265
0.06176110231073158,0.06754864,0.023129601
0.06191366145013331,0.076021455,0.023170311
0.06206622058953504,0.0865385,0.023096269
0.062218779728936774,0.072383136,0.02303321
0.06237133886833851,0.06713904,0.023054872
0.06252389800774025,0.07712737,0.023020549
0.06267645714714197,0.06466894,0.02299516
0.0628290162865437,0.068176895,0.022979518
0.06298157542594544,0.061198223,0.022943772
0.06313413456534717,0.079125114,0.022933992
0.0632866937047489,0.066345535,0.022921018
0.06343925284415063,0.07803471,0.022955393
0.06359181198355238,0.07458491,0.022930272
0.0637443711229541,0.06494957,0.022922486
0.06389693026235584,0.07722807,0.022853978
0.06404948940175757,0.07562147,0.022833856
0.0642020485411593,0.06632206,0.022817058
0.06435460768056103,0.0815048,0.022832569
0.06450716681996276,0.063819535,0.02280142
0.0646597259593645,0.0652258,0.022795709
0.06481228509876623,0.07098973,0.022758774
0.06496484423816797,0.07424702,0.02271427
0.0651174033775697,0.07846553,0.022714667
0.06526996251697142,0.07515742,0.02271843
0.06542252165637316,0.061939076,0.02267011
0.06557508079577488,0.06651305,0.02268788
0.06572763993517662,0.06566502,0.022687193
0.06588019907457836,0.06853984,0.022632785
0.0660327582139801,0.062961444,0.022621231
0.06618531735338183,0.059491046,0.02258975
0.06633787649278355,0.06042368,0.022596765
0.06649043563218529,0.0633177,0.022571085
0.06664299477158701,0.058498025,0.022559209
0.06679555391098875,0.06300468,0.022519438
0.06694811305039049,0.059315953,0.022514498
0.06710067218979222,0.06261829,0.022511512
0.06725323132919396,0.06440648,0.022478933
0.06740579046859568,0.07574156,0.022505533
0.06755834960799742,0.06498646,0.022475727
0.06771090874739914,0.059740305,0.022423707
0.06786346788680088,0.056000814,0.022401445
0.06801602702620262,0.061492935,0.02240275
0.06816858616560434,0.07766401,0.022395676
0.06832114530500609,0.07738044,0.022417013
0.06847370444440781,0.07072709,0.022380533
0.06862626358380955,0.074934065,0.02235498
0.06877882272321127,0.06570536,0.02232852
0.06893138186261301,0.067016296,0.022332555
0.06908394100201475,0.06071792,0.022327416
0.06923650014141647,0.06212097,0.022312118
0.06938905928081822,0.068601854,0.022275236
0.06954161842021994,0.071001776,0.022228189
0.06969417755962168,0.072565995,0.022194078
0.0698467366990234,0.075707935,0.022245185
0.06999929583842514,0.07522051,0.022197586
0.07015185497782687,0.07362277,0.022195408
0.0703044141172286,0.07588818,0.022181394
0.07045697325663033,0.07267481,0.02217284
0.07060953239603207,0.050572734,0.022104455
0.07076209153543381,0.06386071,0.022118215
0.07091465067483553,0.07464052,0.022110088
0.07106720981423727,0.06437885,0.022091277
0.071219768953639,0.07626739,0.02209618
0.07137232809304073,0.06959555,0.02204704
0.07152488723244246,0.06773022,0.02202788
0.07167744637184419,0.0710934,0.02202152
0.07183000551124594,0.06542973,0.022003248
0.07198256465064766,0.07681073,0.022025129
0.0721351237900494,0.07868556,0.022013264
0.07228768292945113,0.076909825,0.021969197
0.07244024206885286,0.079519734,0.02191232
0.07259280120825459,0.07603502,0.021938957
0.07274536034765632,0.07282647,0.021919394
0.07289791948705805,0.072917156,0.021902964
0.07305047862645979,0.07380739,0.021915518
0.07320303776586153,0.07814313,0.021909075
0.07335559690526326,0.06916843,0.021859147
0.07350815604466499,0.07578914,0.021840865
0.07366071518406672,0.0679007,0.021822687
0.07381327432346844,0.06419108,0.021808533
0.07396583346287018,0.066070855,0.021816581
0.07411839260227192,0.06395378,0.021802977
0.07427095174167365,0.06251293,0.02173871
0.07442351088107539,0.06583729,0.02174768
0.07457607002047711,0.06326955,0.021726305
0.07472862915987885,0.065300815,0.021719629
0.07488118829928057,0.04961542,0.021704465
0.07503374743868231,0.05638354,0.021682315
0.07518630657808405,0.058905866,0.021646475
0.07533886571748578,0.07007952,0.021641018
0.07549142485688752,0.06534085,0.021669423
0.07564398399628924,0.060109984,0.021644803
0.07579654313569098,0.060344037,0.021622533
0.07594910227509272,0.06286598,0.021629205
0.07610166141449444,0.07478922,0.021572875
0.07625422055389618,0.07217918,0.021553863
0.0764067796932979,0.07400332,0.021584675
0.07655933883269965,0.061866503,0.021533472
0.07671189797210137,0.0718295,0.021525946
0.07686445711150311,0.06799737,0.021508135
0.07701701625090485,0.07657926,0.021506863
0.07716957539030657,0.09293605,0.02150301
0.0773221345297083,0.08334208,0.021482797
0.07747469366911003,0.07233405,0.021458374
0.07762725280851177,0.0781218,0.02148187
0.0777798119479135,0.08258627,0.0214866
0.07793237108731524,0.06714914,0.021394331
0.07808493022671698,0.07075443,0.021364039
0.0782374893661187,0.07012175,0.021373844
0.07839004850552043,0.07664745,0.021381918
0.07854260764492216,0.094110474,0.021419777
0.0786951667843239,0.078652434,0.021391897
0.07884772592372563,0.059163082,0.021344004
0.07900028506312737,0.0556449,0.021303639
0.0791528442025291,0.06584641,0.021299904
0.07930540334193083,0.06652324,0.021277828
0.07945796248133256,0.06867313,0.02127491
0.07961052162073429,0.06727912,0.021262845
0.07976308076013602,0.06794708,0.021255601
0.07991563989953776,0.05872561,0.021197164
0.0800681990389395,0.060855437,0.021190077
0.08022075817834123,0.06554571,0.02121036
0.08037331731774296,0.06867274,0.021186836
0.0805258764571447,0.07901296,0.021200553
0.08067843559654642,0.067080386,0.02116529
0.08083099473594815,0.0595352,0.021102356
0.08098355387534989,0.06679348,0.021118764
0.08113611301475161,0.07807111,0.02111414
0.08128867215415336,0.07030804,0.021088377
0.08144123129355509,0.0708916,0.021092385
0.08159379043295682,0.08039582,0.02107981
0.08174634957235855,0.08292375,0.02102663
0.08189890871176028,0.07338093,0.02104144
0.08205146785116202,0.0616977,0.021039277
0.08220402699056374,0.0601708,0.02101146
0.08235658612996548,0.07624573,0.021010477
0.08250914526936722,0.05482533,0.020985002
0.08266170440876895,0.06456474,0.020952811
0.08281426354817067,0.074045435,0.020989187
0.08296682268757241,0.068765074,0.02095879
0.08311938182697415,0.07046867,0.020930031
0.08327194096637587,0.07090991,0.020934368
0.08342450010577761,0.056998365,0.020897646
0.08357705924517934,0.05687479,0.020869534
0.08372961838458108,0.072907075,0.020878453
0.0838821775239828,0.07642104,0.020892782
0.08403473666338454,0.07602065,0.020859132
0.08418729580278628,0.06928868,0.02084563
0.084339854942188,0.06397311,0.020844396
0.08449241408158974,0.060298882,0.020790221
0.08464497322099146,0.056695316,0.020787312
0.08479753236039321,0.05467423,0.020778699
0.08495009149979493,0.05172675,0.020761516
0.08510265063919667,0.061697144,0.020764304
0.0852552097785984,0.06271259,0.020749167
0.08540776891800013,0.06707974,0.020719366
0.08556032805740187,0.070357986,0.02071809
0.08571288719680359,0.06504379,0.02073959
0.08586544633620533,0.058991652,0.020692073
0.08601800547560706,0.06937205,0.020685356
0.0861705646150088,0.086884074,0.020704852
0.08632312375441054,0.06939059,0.020631503
0.08647568289381226,0.05884138,0.020643858
0.086628242033214,0.055884637,0.020642454
0.08678080117261572,0.07184924,0.020620981
0.08693336031201745,0.071173795,0.020622864
0.08708591945141919,0.067616746,0.020613257
0.08723847859082093,0.062088627,0.02056339
0.08739103773022266,0.059039567,0.020543732
0.08754359686962439,0.06438623,0.020559287
0.08769615600902612,0.06997193,0.020536687
0.08784871514842785,0.06997825,0.020531679
0.08800127428782958,0.07287484,0.020524219
0.08815383342723132,0.059336673,0.020478703
0.08830639256663306,0.061731994,0.020475475
0.0884589517060348,0.06242541,0.020466758
0.08861151084543652,0.058307488,0.020464877
0.08876406998483825,0.058312133,0.020461515
0.08891662912423998,0.065267675,0.020456314
0.08906918826364171,0.065636374,0.020420812
0.08922174740304345,0.059591044,0.020392863
0.08937430654244517,0.060852837,0.020388896
0.08952686568184692,0.06123157,0.020385996
0.08967942482124865,0.0583655,0.02039921
0.08983198396065038,0.055870697,0.02036635
0.0899845431000521,0.0577454,0.020335391
0.09013710223945384,0.06608982,0.020336414
0.09028966137885558,0.074049205,0.020320805
0.0904422205182573,0.07483745,0.020336086
0.09059477965765904,0.053617608,0.02030537
0.09074733879706078,0.06055597,0.020294063
0.09089989793646251,0.061845213,0.020256078
0.09105245707586423,0.0684227,0.020265186
0.09120501621526597,0.05991161,0.02026564
0.09135757535466771,0.058252864,0.020232001
0.09151013449406943,0.07012004,0.020234164
0.09166269363347117,0.075049296,0.020233024
0.09181525277287289,0.05885378,0.020188823
0.09196781191227464,0.059524354,0.020194726
0.09212037105167636,0.06792513,0.020189164
0.0922729301910781,0.06565746,0.020171989
0.09242548933047984,0.064256534,0.020181585
0.09257804846988156,0.062774055,0.020166527
0.0927306076092833,0.062216125,0.020140035
0.09288316674868502,0.06727988,0.020082457
0.09303572588808677,0.057326257,0.020098217
0.0931882850274885,0.057684273,0.020103788
0.09334084416689023,0.0616931,0.020077568
0.09349340330629197,0.06683083,0.020083517
0.09364596244569369,0.053425215,0.02005597
0.09379852158509543,0.053427808,0.020029502
0.09395108072449715,0.0626635,0.02003427
0.09410363986389889,0.052703254,0.02002666
0.09425619900330062,0.06455158,0.020009955
0.09440875814270236,0.056366876,0.020007337
0.0945613172821041,0.06819274,0.019988606
0.09471387642150582,0.05604132,0.019965135
0.09486643556090756,0.06247758,0.019961774
0.09501899470030928,0.058344603,0.019971974
0.09517155383971102,0.05754344,0.019931592
0.09532411297911275,0.0599413,0.019949198
0.09547667211851449,0.054923944,0.0199092
0.09562923125791623,0.051532548,0.019896608
0.09578179039731795,0.052930735,0.01988081
0.09593434953671968,0.050027777,0.019878527
0.09608690867612141,0.059625007,0.019867754
0.09623946781552314,0.065910265,0.019868346
0.09639202695492488,0.054513462,0.019844476
0.0965445860943266,0.063227616,0.019840878
0.09669714523372835,0.066608496,0.019829594
0.09684970437313008,0.06322607,0.01984442
0.09700226351253181,0.067719415,0.01981606
0.09715482265193354,0.06959146,0.01981183
0.09730738179133527,0.0656816,0.019784661
0.09745994093073701,0.06232151,0.01976471
0.09761250007013873,0.0727247,0.0197489
0.09776505920954047,0.06461575,0.019736601
0.0979176183489422,0.068398744,0.019739907
0.09807017748834394,0.05568398,0.019730948
0.09822273662774567,0.054844245,0.019718328
0.0983752957671474,0.061843324,0.019687204
0.09852785490654914,0.057131153,0.019679409
0.09868041404595086,0.059549633,0.019683862
0.0988329731853526,0.05582193,0.01965202
0.09898553232475434,0.06069346,0.01965662
0.09913809146415607,0.0598027,0.019655699
0.0992906506035578,0.06500368,0.01962515
0.09944320974295953,0.061298206,0.019604042
0.09959576888236127,0.060420763,0.019635892
0.09974832802176299,0.062490255,0.019596335
0.09990088716116473,0.060611848,0.019589135
0.10005344630056645,0.06285277,0.019587034
0.10020600543996819,0.05997617,0.019560669
0.10035856457936992,0.049473725,0.019529695
0.10051112371877165,0.05060864,0.019539395
0.10066368285817338,0.059511326,0.019525327
0.10081624199757513,0.05976761,0.01954546
0.10096880113697687,0.05554262,0.019517541
0.1011213602763786,0.053150896,0.019498833
0.10127391941578033,0.051644407,0.019471744
0.10142647855518205,0.05286475,0.019479975
0.10157903769458379,0.061253622,0.019494042
0.10173159683398553,0.05726573,0.019476073
0.10188415597338725,0.04985661,0.019442445
0.10203671511278899,0.052616272,0.01941184
0.10218927425219071,0.047918774,0.019402904
0.10234183339159245,0.051303588,0.01940928
0.10249439253099418,0.06658906,0.01940999
0.1026469516703959,0.060527757,0.019393684
0.10279951080979764,0.05644721,0.019382523
0.10295206994919937,0.06542738,0.019365113
0.10310462908860113,0.058513034,0.019340124
0.10325718822800285,0.05197095,0.01934469
0.10340974736740459,0.056906875,0.019342894
0.10356230650680631,0.05989473,0.019336171
0.10371486564620805,0.065982126,0.019327486
0.10386742478560979,0.06399429,0.019294895
0.10401998392501151,0.05748768,0.019276189
0.10417254306441324,0.06615275,0.019274864
0.10432510220381497,0.05431694,0.019270169
0.1044776613432167,0.060887806,0.019261872
0.10463022048261844,0.06251574,0.019257464
0.10478277962202016,0.0585517,0.01925421
0.1049353387614219,0.052685402,0.019205343
0.10508789790082362,0.050613813,0.019220877
0.10524045704022536,0.046844207,0.019213056
0.1053930161796271,0.061377503,0.019206647
0.10554557531902885,0.050814975,0.019198522
0.10569813445843057,0.047229197,0.019173265
0.10585069359783231,0.049733367,0.019149581
0.10600325273723404,0.05381155,0.01915518
0.10615581187663577,0.05174761,0.01915919
0.1063083710160375,0.057728656,0.019144438
0.10646093015543923,0.057123575,0.01915212
0.10661348929484096,0.061613422,0.019115254
0.1067660484342427,0.056734793,0.019093834
0.10691860757364442,0.05619626,0.019088468
0.10707116671304616,0.060298447,0.019083288
0.10722372585244788,0.064428404,0.019076085
0.10737628499184962,0.067426205,0.019325897
0.10752884413125136,0.052964985,0.019628735
0.10768140327065308,0.054383628,0.01984041
0.10783396241005483,0.060369704,0.020029297
0.10798652154945657,0.058123346,0.020186875
0.1081390806888583,0.061231118,0.020305747
0.10829163982826003,0.06087232,0.020354653
0.10844419896766176,0.0644942,0.020451669
0.10859675810706348,0.04989874,0.020815019
0.10874931724646522,0.052558213,0.02139706
0.10890187638586696,0.0644463,0.021814687
0.10905443552526868,0.069236234,0.02213524
0.10920699466467042,0.07294849,0.022444021
0.10935955380407214,0.07780767,0.022735681
0.10951211294347388,0.059680846,0.02302397
0.10966467208287561,0.07344521,0.023306869
0.10981723122227734,0.05674895,0.023529358
0.10996979036167907,0.071021274,0.023835555
0.1101223495010808,0.061044816,0.024067953
0.11027490864048256,0.044495083,0.024318714
0.11042746777988428,0.054378916,0.02457993
0.11058002691928602,0.05952589,0.024821203
0.11073258605868774,2.1540868,0.04934056
0.11088514519808948,0.093999356,0.02538187
0.11103770433749122,0.056240413,0.025596121
0.11119026347689294,0.054218926,0.025866162
0.11134282261629468,0.04641212,0.026161985
0.1114953817556964,0.055735875,0.026410196
0.11164794089509814,0.060833093,0.026646223
0.11180050003449987,0.06864566,0.02685939
0.1119530591739016,0.05895842,0.027054312
0.11210561831330333,0.059688386,0.027167369
0.11225817745270505,0.05235194,0.02727099
0.11241073659210679,0.05912522,0.02738791
0.11256329573150854,0.044067543,0.027487086
0.11271585487091028,0.051560827,0.027628368
0.112868414010312,0.049181145,0.02771233
0.11302097314971374,0.057717722,0.02784361
0.11317353228911547,0.053332668,0.027930379
0.1133260914285172,0.045393053,0.028040214
0.11347865056791893,0.050082292,0.028094565
0.11363120970732066,0.04287004,0.028148148
0.1137837688467224,0.048990726,0.028186392
0.11393632798612413,0.05986782,0.028234156
0.11408888712552585,0.06717218,0.028282054
0.11424144626492759,0.054900665,0.028320052
0.11439400540432931,0.05928069,0.028374031
0.11454656454373105,0.049821083,0.028381858
0.11469912368313279,0.05305605,0.028419178
0.11485168282253451,0.04971315,0.02846352
0.11500424196193626,0.06602251,0.028507244
0.115156801101338,0.06518971,0.028588386
0.11530936024073973,0.07032754,0.028702863
0.11546191938014146,0.058810696,0.028794987
0.11561447851954319,0.054477602,0.028922716
0.11576703765894492,0.05329139,0.029009912
0.11591959679834665,0.051254664,0.029088998
0.11607215593774839,0.043409314,0.029177379
0.11622471507715011,0.04481882,0.029263308
0.11637727421655185,0.052923866,0.029430822
0.11652983335595357,0.047162272,0.02951093
0.11668239249535531,0.057062335,0.029581737
0.11683495163475704,0.047163107,0.029706689
0.11698751077415877,0.047456793,0.029786387
0.1171400699135605,0.06266515,0.02990389
0.11729262905296226,0.050833285,0.029972734
0.11744518819236399,0.04872872,0.030082952
0.11759774733176571,0.058985755,0.030247865
0.11775030647116745,0.042788435,0.030286398
0.11790286561056917,0.05024354,0.030363305
0.11805542474997091,0.05220712,0.03047663
0.11820798388937265,0.047023196,0.030615248
0.11836054302877437,0.0482452,0.030690733
0.11851310216817611,0.046442725,0.030806825
0.11866566130757783,0.04819573,0.030879766
0.11881822044697957,0.042798657,0.030974612
0.1189707795863813,0.043397546,0.031103946
0.11912333872578303,0.03700804,0.03123039
0.11927589786518476,0.039710082,0.031285588
0.11942845700458649,0.046974678,0.0314018
0.11958101614398822,0.06575771,0.03155652
0.11973357528338997,0.06315848,0.031604026
0.11988613442279171,0.053795677,0.0317255
0.12003869356219343,0.054031614,0.031859737
0.12019125270159517,0.0569578,0.031987987
0.1203438118409969,0.051465463,0.03204452
0.12049637098039863,0.052234843,0.03216712
0.12064893011980037,0.029515376,0.03223731
0.12080148925920209,0.045046773,0.032346
0.12095404839860383,0.047027398,0.032443967
0.12110660753800556,0.046617437,0.032578044
0.12125916667740728,0.037596192,0.032666486
0.12141172581680902,0.044861447,0.032835733
0.12156428495621074,0.053845663,0.032963105
0.12171684409561248,0.042049102,0.03300205
0.12186940323501422,0.046710614,0.0330962
0.12202196237441594,0.04236438,0.033266112
0.12217452151381769,0.03171249,0.0333229
0.12232708065321943,0.034339067,0.033432893
0.12247963979262116,0.0453857,0.033580262
0.12263219893202289,0.05576131,0.0336528
0.12278475807142462,0.052868832,0.03377207
0.12293731721082635,0.05096706,0.033926316
0.12308987635022808,0.034518346,0.034011807
0.12324243548962982,0.048267603,0.03416435
0.12339499462903154,0.047565978,0.034238186
0.12354755376843328,0.040747404,0.034338906
0.123700112907835,0.03826588,0.034473695
0.12385267204723674,0.049090005,0.0346197
0.12400523118663848,0.059195567,0.034737445
0.1241577903260402,0.054384343,0.034843896
0.12431034946544194,0.054257274,0.03499443
0.12446290860484369,0.05779155,0.03507522
0.12461546774424542,0.04908792,0.03519618
0.12476802688364715,0.03910599,0.03533448
0.12492058602304888,0.04624124,0.035462108
0.1250731451624506,0.044874873,0.035585932
0.12522570430185234,0.039060395,0.03566245
0.12537826344125408,0.047388393,0.035806034
0.12553082258065582,0.059436858,0.03597409
0.12568338172005752,0.05107879,0.036055025
0.12583594085945926,0.046151187,0.03622212
0.125988499998861,0.037062783,0.036310244
0.12614105913826273,0.04173158,0.03642034
0.12629361827766447,0.053869624,0.036647808
0.12644617741706618,0.045563314,0.036764417
0.12659873655646792,0.05149517,0.036830332
0.12675129569586965,0.062567025,0.037035946
0.12690385483527142,0.07747237,0.037147403
0.12705641397467313,0.074250564,0.03723448
0.12720897311407486,0.05709102,0.03743452
0.1273615322534766,0.05110926,0.03748996
0.12751409139287834,0.06107187,0.037659064
0.12766665053228007,0.040040903,0.03778368
0.12781920967168178,0.03253539,0.037898846
0.12797176881108352,0.032846402,0.03804649
0.12812432795048526,0.050676506,0.03820375
0.128276887089887,0.0471297,0.03832069
0.12842944622928873,0.02780797,0.03847838
0.12858200536869044,0.04450017,0.03863336
0.12873456450809218,0.039790075,0.0387875
0.1288871236474939,0.037580088,0.038921796
0.12903968278689565,0.04088427,0.039068986
0.12919224192629739,0.043410596,0.039200112
0.12934480106569912,0.03934477,0.03937549
0.12949736020510086,0.03037962,0.039515022
0.1296499193445026,0.044537388,0.039657645
0.12980247848390433,0.057620734,0.03987001
0.12995503762330604,0.04696563,0.039993476
0.13010759676270778,0.036316693,0.040127985
0.13026015590210951,0.05566573,0.04031249
0.13041271504151125,0.05778646,0.040504344
0.130565274180913,0.03616735,0.040613834
0.1307178333203147,0.05980106,0.04079666
0.13087039245971643,0.05656507,0.040929142
0.13102295159911817,0.03905947,0.041112114
0.1311755107385199,0.05148404,0.041351456
0.13132806987792164,0.051166162,0.041533887
0.13148062901732335,0.060924232,0.041690025
0.13163318815672512,0.063276365,0.041799106
0.13178574729612685,0.044934444,0.041949894
0.1319383064355286,0.039781943,0.042219117
0.1320908655749303,0.05351454,0.042320263
0.13224342471433204,0.061166696,0.042592395
0.13239598385373377,0.049443517,0.042705987
0.1325485429931355,0.0373837,0.042857036
0.13270110213253725,0.038380355,0.043038335
0.13285366127193896,0.029082878,0.043257333
0.1330062204113407,0.021637786,0.043411214
0.13315877955074243,0.019234547,0.043610234
0.13331133869014417,0.03763869,0.043830007
0.1334638978295459,0.035139978,0.043985162
0.1336164569689476,0.03509064,0.044276055
0.13376901610834935,0.051537566,0.04445665
0.1339215752477511,0.044722695,0.04458263
0.13407413438715285,0.051151607,0.044816736
0.13422669352655456,0.040708598,0.04508832
0.1343792526659563,0.055047825,0.04526937
0.13453181180535803,0.068319485,0.045510255
0.13468437094475977,0.06317202,0.045652434
0.1348369300841615,0.047631882,0.04584948
0.1349894892235632,0.04084553,0.04615863
0.13514204836296495,0.050682366,0.04647269
0.1352946075023667,0.04049221,0.04651228
0.13544716664176842,0.04008896,0.046780393
0.13559972578117016,0.039638083,0.046966683
0.13575228492057187,0.06571471,0.04737754
0.1359048440599736,0.06541685,0.04747976
0.13605740319937534,0.060642842,0.047708485
0.13620996233877708,0.06448248,0.04794644
0.13636252147817882,0.03978183,0.048283536
0.13651508061758055,0.019255098,0.048397753
0.1366676397569823,0.03016519,0.04868641
0.13682019889638403,0.03596505,0.04894816
0.13697275803578576,0.03131643,0.04916256
0.13712531717518747,0.031029161,0.049473263
0.1372778763145892,0.032618623,0.04982554
0.13743043545399095,0.024592102,0.050062172
0.13758299459339268,0.032395277,0.05029181
0.13773555373279442,0.03365793,0.050531853
0.13788811287219613,0.0373947,0.050917003
0.13804067201159786,0.03496588,0.0511418
0.1381932311509996,0.048392914,0.05149494
0.13834579029040134,0.03296818,0.051689204
0.13849834942980307,0.036149304,0.052103296
0.1386509085692048,0.050478686,0.052344833
0.13880346770860655,0.03453359,0.05259845
0.13895602684800828,0.058448896,0.05294905
0.13910858598741002,0.030255115,0.053197943
0.13926114512681173,0.023380538,0.0535678
0.13941370426621347,0.034763012,0.053912006
0.1395662634056152,0.027188733,0.05418325
0.13971882254501694,0.029920146,0.054722223
0.13987138168441868,0.03374904,0.05492088
0.1400239408238204,0.05392637,0.05522589
0.14017649996322212,0.056541882,0.055749986
0.14032905910262386,0.049539585,0.05599011
0.1404816182420256,0.051146965,0.056485817
0.14063417738142733,0.041887406,0.05679259
0.14078673652082904,0.16358173,0.05729658
0.14093929566023078,0.11411935,0.057507325
0.14109185479963254,0.077711284,0.057965703
0.14124441393903428,0.06965278,0.058281314
0.141396973078436,0.053978972,0.058729
0.14154953221783773,0.06029545,0.059213378
0.14170209135723946,0.05946855,0.05964208
0.1418546504966412,0.041603073,0.06025037
0.14200720963604294,0.049338456,0.06052773
0.14215976877544464,0.03166388,0.060895238
0.14231232791484638,0.027408432,0.061452683
0.14246488705424812,0.019324383,0.061924353
0.14261744619364985,0.0295867,0.062339626
0.1427700053330516,0.03428923,0.06317416
