#DAT file by SAXSII - Timestamp: 09/12/2024 14:40:47
radial-q_A^-1,intensity,sigma
0.00012720999243161018,6103052.5,809.6024
0.0002797691318333428,5876755.5,525.49963
0.00043232827123507536,5620160.0,414.2038
0.000584887410636808,5279376.0,341.47452
0.0007374465500385405,4869948.5,289.02982
0.0008900056894402731,4404743.5,249.5778
0.0010425648288420058,3913346.8,217.6642
0.0011951239682437384,3424721.2,192.34712
0.001347683107645471,2932563.8,169.52158
0.0015002422470472036,2440007.5,145.89539
0.001652801386448936,1959653.8,122.87801
0.0018053605258506686,1514933.6,102.391396
0.0019579196652524016,1126388.1,84.70698
0.002110478804654134,802107.9,69.59795
0.0022630379440558668,546425.1,56.4165
0.002415597083457599,354800.34,44.031452
0.002568156222859332,218341.14,32.972065
0.0027207153622610643,131287.48,24.58554
0.0028732745016627967,76853.38,18.228104
0.0030258336410645295,43736.29,13.46128
0.003178392780466262,24399.338,9.941755
0.0033309519198679947,13093.015,7.13488
0.003483511059269727,6771.713,4.995074
0.0036360701986714594,3312.947,3.3961756
0.0037886293380731927,1557.432,2.270777
0.003941188477474925,706.22577,1.4969529
0.004093747616876658,315.38528,0.9891394
0.004246306756278391,139.04083,0.6495504
0.004398865895680123,60.54865,0.4203542
0.004551425035081855,27.308771,0.2775952
0.004703984174483589,11.919099,0.1793743
0.004856543313885321,5.34412,0.119285405
0.005009102453287053,2.822272,0.08713488
0.005161661592688786,1.8408631,0.071269885
0.005314220732090518,1.4912965,0.06472077
0.005466779871492251,1.1956716,0.059937388
0.005619339010893984,1.0491185,0.056334563
0.005771898150295716,0.8963239,0.05430581
0.0059244572896974485,0.8867198,0.053207636
0.006077016429099181,0.75351846,0.050954495
0.006229575568500914,0.76706004,0.050298676
0.006382134707902647,0.5829007,0.04758762
0.00653469384730438,0.60288364,0.047573518
0.006687252986706112,0.5315302,0.04608029
0.0068398121261078445,0.48292026,0.04533562
0.006992371265509577,0.45104596,0.044617064
0.00714493040491131,0.52661294,0.044966344
0.0072974895443130424,0.45787218,0.043787222
0.0074500486837147765,0.4363942,0.043060422
0.007602607823116509,0.41344464,0.04236027
0.007755166962518241,0.4138962,0.042413842
0.007907726101919975,0.38770005,0.041459344
0.008060285241321706,0.3461923,0.04093717
0.00821284438072344,0.36185595,0.040584207
0.00836540352012517,0.34372932,0.040202267
0.008517962659526904,0.33952427,0.039777033
0.008670521798928637,0.2933547,0.03919473
0.008823080938330369,0.2986174,0.038858354
0.008975640077732102,0.26863465,0.038332038
0.009128199217133834,0.2762623,0.037912372
0.009280758356535567,0.3040998,0.03790154
0.0094333174959373,0.26619434,0.03747495
0.009585876635339032,0.26293758,0.037144907
0.009738435774740765,0.2507441,0.036761392
0.009890994914142498,0.22830072,0.036573745
0.01004355405354423,0.24149802,0.036120273
0.010196113192945963,0.16370416,0.03572017
0.010348672332347694,0.19663218,0.035495795
0.010501231471749427,0.2014802,0.035178117
0.01065379061115116,0.20422956,0.034998536
0.010806349750552892,0.22630283,0.034963053
0.010958908889954625,0.23571442,0.034629956
0.011111468029356357,0.22595865,0.03441719
0.01126402716875809,0.2057807,0.03406011
0.011416586308159823,0.19610918,0.033841133
0.011569145447561555,0.20416833,0.03360625
0.011721704586963288,0.2062639,0.03334781
0.01187426372636502,0.19326009,0.033167787
0.012026822865766753,0.16946004,0.032748125
0.012179382005168486,0.20136023,0.03278439
0.012331941144570218,0.1933981,0.032533463
0.012484500283971953,0.20343323,0.032363713
0.012637059423373682,0.18858375,0.032068096
0.012789618562775416,0.20820686,0.031842154
0.012942177702177147,0.17607392,0.031597007
0.01309473684157888,0.16224025,0.031588785
0.013247295980980612,0.1701074,0.031447537
0.013399855120382345,0.18470517,0.031202452
0.013552414259784077,0.2044152,0.03108488
0.013704973399185812,0.1848772,0.030743856
0.013857532538587541,0.1711844,0.030601006
0.014010091677989276,0.19350338,0.030538086
0.014162650817391008,0.16978605,0.030326644
0.014315209956792741,0.17328298,0.030179301
0.014467769096194473,0.1576205,0.029956674
0.014620328235596206,0.14415018,0.02972204
0.01477288737499794,0.17253543,0.029737562
0.01492544651439967,0.18419217,0.029566616
0.015078005653801406,0.16070984,0.029258896
0.015230564793203137,0.15058973,0.02914556
0.01538312393260487,0.17593856,0.029072167
0.015535683072006602,0.15235497,0.02877025
0.015688242211408337,0.17263027,0.02865884
0.015840801350810067,0.15147865,0.028596167
0.0159933604902118,0.13200969,0.02840817
0.016145919629613533,0.14611155,0.028314693
0.016298478769015266,0.1649598,0.02818007
0.016451037908416996,0.14967681,0.028068533
0.01660359704781873,0.1380527,0.027883966
0.016756156187220463,0.14346609,0.0277156
0.016908715326622196,0.14133625,0.02772225
0.017061274466023926,0.14672704,0.02753108
0.017213833605425662,0.15806817,0.027499462
0.017366392744827392,0.14931464,0.027273567
0.017518951884229125,0.1410627,0.02712897
0.01767151102363086,0.13212906,0.027041499
0.017824070163032592,0.15607198,0.027025117
0.01797662930243432,0.13202414,0.026867772
0.018129188441836055,0.14485669,0.026798354
0.018281747581237788,0.14301652,0.02661679
0.01843430672063952,0.12328585,0.026424823
0.01858686586004125,0.16106778,0.026505578
0.018739424999442988,0.13416934,0.02626846
0.018891984138844718,0.11807443,0.026167968
0.01904454327824645,0.12014393,0.026104638
0.019197102417648184,0.1317515,0.025948033
0.019349661557049917,0.12952687,0.025812047
0.019502220696451647,0.14574687,0.025792908
0.019654779835853384,0.13317066,0.02565943
0.019807338975255117,0.13206765,0.02553906
0.019959898114656847,0.12547313,0.025489867
0.02011245725405858,0.13200885,0.025415136
0.020265016393460313,0.12663658,0.025212953
0.020417575532862046,0.121470295,0.02516803
0.020570134672263776,0.1127889,0.02501798
0.020722693811665513,0.11762243,0.024964383
0.020875252951067243,0.12524305,0.024885077
0.021027812090468976,0.12917852,0.024769299
0.02118037122987071,0.11647943,0.024626544
0.021332930369272442,0.122976504,0.024556618
0.021485489508674172,0.121664315,0.02450982
0.021638048648075905,0.110865906,0.024440985
0.02179060778747764,0.11990102,0.024364112
0.021943166926879372,0.12745516,0.024301445
0.0220957260662811,0.11604037,0.02411306
0.02224828520568284,0.10981436,0.024025012
0.022400844345084568,0.11055896,0.024015859
0.0225534034844863,0.109599054,0.023899648
0.022705962623888035,0.1109146,0.023854408
0.022858521763289768,0.11257205,0.023766145
0.023011080902691498,0.11008685,0.023629213
0.02316364004209323,0.11489817,0.023597863
0.023316199181494964,0.114093095,0.02350862
0.023468758320896697,0.112273365,0.023424773
0.023621317460298427,0.11889992,0.02338016
0.023773876599700164,0.11988359,0.023301126
0.023926435739101894,0.10832949,0.023200395
0.024078994878503627,0.1098536,0.023092775
0.02423155401790536,0.09942467,0.023058033
0.024384113157307093,0.10326034,0.022973813
0.024536672296708823,0.098273665,0.022902172
0.024689231436110556,0.12457169,0.022895873
0.024841790575512293,0.10440369,0.0227355
0.024994349714914023,0.11290864,0.022656906
0.025146908854315753,0.10909435,0.022638036
0.02529946799371749,0.11415379,0.02261083
0.025452027133119223,0.10512954,0.022545079
0.025604586272520952,0.109162405,0.022440953
0.025757145411922686,0.11179542,0.022359777
0.025909704551324422,0.09992846,0.02225619
0.026062263690726152,0.111492336,0.022238035
0.026214822830127882,0.11869189,0.022224193
0.026367381969529615,0.10177344,0.02210974
0.026519941108931352,0.11117917,0.022072412
0.02667250024833308,0.10390666,0.021945497
0.026825059387734815,0.09107598,0.021875603
0.026977618527136545,0.095487475,0.0218304
0.02713017766653828,0.09870654,0.021818481
0.02728273680594001,0.10915246,0.021742767
0.027435295945341744,0.111981094,0.02180422
0.027587855084743474,0.12091794,0.022026641
0.02774041422414521,0.093433656,0.022063889
0.027892973363546944,0.113621406,0.022147503
0.028045532502948674,0.100352935,0.022172365
0.028198091642350404,0.094678104,0.02220136
0.02835065078175214,0.098377764,0.022273695
0.028503209921153874,0.10416811,0.022269225
0.028655769060555603,0.10523635,0.022245936
0.028808328199957337,0.08903841,0.022233594
0.028960887339359073,0.1065941,0.02226395
0.029113446478760803,0.09326919,0.022260185
0.029266005618162533,0.08434122,0.022306662
0.02941856475756427,0.09013227,0.02230106
0.029571123896966003,0.08551647,0.022256477
0.029723683036367732,0.098928496,0.0222074
0.029876242175769466,0.09636348,0.022250813
0.030028801315171202,0.094085954,0.022228412
0.030181360454572932,0.1067961,0.022288317
0.030333919593974662,0.100773305,0.022245077
0.030486478733376395,0.097229235,0.022203824
0.030639037872778132,0.10084728,0.022328002
0.03079159701217986,0.095449105,0.022619344
0.030944156151581595,0.097847104,0.022801785
0.031096715290983325,0.09980337,0.02290414
0.03124927443038506,0.10114483,0.023003919
0.03140183356978679,0.10406669,0.023074212
0.03155439270918852,0.10437172,0.023191156
0.03170695184859026,0.09134527,0.023293495
0.031859510987991994,0.09931005,0.023364086
0.032012070127393724,0.10416563,0.023433015
0.032164629266795454,0.08799929,0.023512287
0.032317188406197184,0.09032605,0.023501933
0.03246974754559892,0.08155671,0.023551151
0.03262230668500065,0.07966355,0.023622757
0.03277486582440239,0.08025065,0.023684962
0.03292742496380412,0.088328786,0.023767158
0.03307998410320585,0.08781725,0.023768013
0.03323254324260758,0.08329289,0.023814462
0.03338510238200931,0.08381414,0.023867559
0.03353766152141104,0.09881697,0.023881676
0.03369022066081278,0.08882239,0.023969613
0.033842779800214516,0.084431715,0.02399288
0.033995338939616246,0.09260016,0.024024883
0.034147898079017976,0.09345929,0.024046373
0.03430045721841971,0.09896751,0.024088867
0.03445301635782144,0.09302847,0.024123093
0.03460557549722317,0.0998348,0.024197903
0.03475813463662491,0.078276,0.024178032
0.034910693776026645,0.08094269,0.02421829
0.035063252915428375,0.09173717,0.024242999
0.035215812054830105,0.08130446,0.024244
0.03536837119423184,0.07404856,0.024301618
0.03552093033363357,0.09030261,0.024313107
0.0356734894730353,0.08087199,0.024341812
0.03582604861243704,0.09055047,0.024385806
0.035978607751838775,0.08976183,0.024423605
0.036131166891240504,0.0989195,0.0244148
0.036283726030642234,0.11105299,0.024458349
0.036436285170043964,0.09336859,0.024531959
0.0365888443094457,0.08105587,0.024993904
0.03674140344884743,0.09014225,0.025394512
0.03689396258824917,0.09161913,0.025688477
0.0370465217276509,0.08233119,0.025821729
0.037199080867052634,0.09246986,0.026010552
0.03735164000645436,0.09824189,0.026260661
0.03750419914585609,0.09295049,0.026503313
0.03765675828525783,0.086011216,0.026683839
0.037809317424659566,0.07946985,0.02681051
0.037961876564061296,0.078497745,0.026931629
0.038114435703463026,0.07058042,0.027082197
0.038266994842864756,0.07854166,0.02721319
0.03841955398226649,0.0696634,0.027401015
0.03857211312166822,0.06651796,0.027580462
0.03872467226106996,0.09402633,0.027825056
0.03887723140047169,0.09517598,0.027925598
0.039029790539873425,0.0765052,0.028014664
0.039182349679275155,0.10756667,0.028134199
0.039334908818676885,0.091640554,0.028321847
0.03948746795807862,0.091986224,0.028497368
0.03964002709748035,0.084316656,0.028671373
0.03979258623688209,0.09009645,0.028817737
0.03994514537628382,0.115508206,0.028934835
0.040097704515685555,0.10753299,0.029053647
0.040250263655087284,0.09705402,0.029140625
0.040402822794489014,0.08422811,0.029366624
0.040555381933890744,0.09734365,0.029593265
0.04070794107329248,0.093461566,0.029637432
0.04086050021269422,0.09270224,0.02973935
0.04101305935209595,0.09721875,0.030063676
0.04116561849149768,0.114904016,0.030019665
0.041318177630899414,0.09399963,0.030154837
0.04147073677030114,0.09111665,0.030013684
0.04162329590970287,0.087508775,0.029124456
0.04177585504910461,0.10523748,0.028803635
0.04192841418850635,0.091284186,0.028617008
0.042080973327908076,0.08030552,0.028390488
0.042233532467309806,0.08315537,0.02817672
0.042386091606711536,0.08410769,0.028017895
0.04253865074611327,0.07409631,0.02783909
0.042691209885515,0.088763416,0.02774992
0.04284376902491674,0.089868516,0.027723491
0.04299632816431847,0.08539952,0.027516054
0.043148887303720206,0.07800615,0.027464828
0.043301446443121935,0.080644436,0.027409596
0.043454005582523665,0.08640169,0.027299868
0.043606564721925395,0.07185671,0.027209647
0.04375912386132713,0.081038974,0.027115878
0.04391168300072887,0.08469878,0.02708214
0.0440642421401306,0.078119315,0.027016034
0.044216801279532335,0.07555082,0.026994107
0.044369360418934065,0.07465445,0.026905892
0.044521919558335794,0.065286845,0.026801523
0.044674478697737524,0.07923776,0.026795585
0.04482703783713926,0.07793853,0.026732102
0.044979596976541,0.091757275,0.026648045
0.04513215611594273,0.07865052,0.026645495
0.04528471525534446,0.07223518,0.026580906
0.045437274394746194,0.07010803,0.026535613
0.045589833534147924,0.08168723,0.026487978
0.04574239267354965,0.07156658,0.026398228
0.04589495181295139,0.08100579,0.02633843
0.04604751095235313,0.070147954,0.026289407
0.046200070091754857,0.0699592,0.026196016
0.046352629231156586,0.07841503,0.0260858
0.046505188370558316,0.089144856,0.026071908
0.04665774750996005,0.07353436,0.025964344
0.04681030664936178,0.07671612,0.025926739
0.04696286578876352,0.08371131,0.025842931
0.04711542492816525,0.084011994,0.025754094
0.047267984067566986,0.08232358,0.025647445
0.047420543206968715,0.079787254,0.025670994
0.047573102346370445,0.06812753,0.025554681
0.047725661485772175,0.08498423,0.025513519
0.04787822062517391,0.07645575,0.025447268
0.04803077976457565,0.08655775,0.02536815
0.04818333890397738,0.09123781,0.025300045
0.04833589804337911,0.08146097,0.02523523
0.048488457182780845,0.087030225,0.025196323
0.048641016322182574,0.07832326,0.025116121
0.048793575461584304,0.08505764,0.025102511
0.04894613460098604,0.094100505,0.025034992
0.04909869374038778,0.09128719,0.024985144
0.04925125287978951,0.09314569,0.024892805
0.04940381201919124,0.083298534,0.024839334
0.049556371158592974,0.08935669,0.024817118
0.049708930297994704,0.08000937,0.024732502
0.04986148943739643,0.081079274,0.02473172
0.05001404857679817,0.08616292,0.024663508
0.0501666077161999,0.086884305,0.024626076
0.05031916685560163,0.08751908,0.024644647
0.05047172599500337,0.07618434,0.024640355
0.0506242851344051,0.06905001,0.024569241
0.05077684427380683,0.07168819,0.02458985
0.05092940341320856,0.07697014,0.024538932
0.0510819625526103,0.08003763,0.024510859
0.05123452169201203,0.07136385,0.024497773
0.05138708083141376,0.06468976,0.024467664
0.05153963997081549,0.07511463,0.024451371
0.05169219911021723,0.074205525,0.024434926
0.05184475824961896,0.06952699,0.024379209
0.05199731738902069,0.08035153,0.024358502
0.05214987652842243,0.08534446,0.024359234
0.05230243566782416,0.08027474,0.024346808
0.05245499480722589,0.072696686,0.02432749
0.05260755394662762,0.08083723,0.024353009
0.05276011308602935,0.0630992,0.024249822
0.05291267222543109,0.06894173,0.024219174
0.05306523136483282,0.07606156,0.02424143
0.05321779050423456,0.075787626,0.02422026
0.05337034964363629,0.07646422,0.0241629
0.05352290878303802,0.06858983,0.024164826
0.05367546792243975,0.07023051,0.02415017
0.05382802706184148,0.07119182,0.024105057
0.05398058620124322,0.060847003,0.024089986
0.05413314534064495,0.06530995,0.024095079
0.05428570448004669,0.06976758,0.024082668
0.05443826361944842,0.05833273,0.024051815
0.05459082275885015,0.0786622,0.024040634
0.054743381898251876,0.086932376,0.024036637
0.054895941037653606,0.07889889,0.023960706
0.05504850017705534,0.0631244,0.02398167
0.05520105931645708,0.06326103,0.023919193
0.055353618455858816,0.0818226,0.023956653
0.055506177595260546,0.07048443,0.02390019
0.055658736734662276,0.07585429,0.023870999
0.055811295874064006,0.07693096,0.023853367
0.055963855013465735,0.08594279,0.02385464
0.05611641415286747,0.08904685,0.023824401
0.0562689732922692,0.077644944,0.023820069
0.056421532431670945,0.08389173,0.023821447
0.056574091571072675,0.07481839,0.023737576
0.056726650710474405,0.08780695,0.023740094
0.056879209849876135,0.0815582,0.023726087
0.057031768989277865,0.07782702,0.02371226
0.0571843281286796,0.07839443,0.023698794
0.05733688726808133,0.08453317,0.023702083
0.05748944640748306,0.072259374,0.023630675
0.057642005546884804,0.06923472,0.023615101
0.057794564686286534,0.07746224,0.023594493
0.057947123825688264,0.082747966,0.023569275
0.058099682965089994,0.08550391,0.023630582
0.05825224210449173,0.070783906,0.02355367
0.05840480124389346,0.07444135,0.02354048
0.05855736038329519,0.063695185,0.023504376
0.058709919522696934,0.070094496,0.023482624
0.05886247866209866,0.07735404,0.023505565
0.05901503780150039,0.075731166,0.023466984
0.05916759694090212,0.07041879,0.023450032
0.05932015608030386,0.06877572,0.02338624
0.05947271521970559,0.07447999,0.023361146
0.05962527435910732,0.07803529,0.023363808
0.05977783349850905,0.06721053,0.023343293
0.05993039263791079,0.07572891,0.023342097
0.06008295177731252,0.08014445,0.023331398
0.06023551091671425,0.07776161,0.023261763
0.06038807005611599,0.077552035,0.023250133
0.06054062919551772,0.07806318,0.023260294
0.06069318833491945,0.071816005,0.023242272
0.06084574747432118,0.06739578,0.023234757
0.06099830661372291,0.077076316,0.023238136
0.06115086575312465,0.066891,0.023182856
0.06130342489252638,0.07348619,0.023183655
0.06145598403192812,0.06582084,0.023143599
0.06160854317132985,0.072891295,0.02315361
0.06176110231073158,0.07436339,0.023120685
0.06191366145013331,0.064688794,0.023093656
0.06206622058953504,0.06264841,0.023065886
0.062218779728936774,0.07346637,0.02302933
0.06237133886833851,0.06996409,0.023024924
0.06252389800774025,0.0694829,0.023024272
0.06267645714714197,0.08408279,0.023037907
0.0628290162865437,0.07555568,0.023025665
0.06298157542594544,0.06649501,0.02295892
0.06313413456534717,0.059784867,0.02294252
0.0632866937047489,0.06865493,0.022939354
0.06343925284415063,0.077839255,0.022919208
0.06359181198355238,0.06915404,0.022904374
0.0637443711229541,0.06958007,0.022886882
0.06389693026235584,0.07332574,0.022874944
0.06404948940175757,0.07282308,0.022840947
0.0642020485411593,0.07483586,0.02284203
0.06435460768056103,0.0685968,0.022805294
0.06450716681996276,0.068518326,0.02280257
0.0646597259593645,0.08371714,0.022828102
0.06481228509876623,0.08064695,0.02276814
0.06496484423816797,0.07276309,0.022732953
0.0651174033775697,0.06969899,0.022716533
0.06526996251697142,0.081498064,0.022729233
0.06542252165637316,0.07770317,0.022682756
0.06557508079577488,0.073988385,0.022669608
0.06572763993517662,0.07079149,0.022668922
0.06588019907457836,0.08270131,0.022652037
0.0660327582139801,0.07600538,0.022601184
0.06618531735338183,0.07990623,0.022611422
0.06633787649278355,0.07080734,0.022578394
0.06649043563218529,0.064894505,0.022594687
0.06664299477158701,0.06170061,0.02256068
0.06679555391098875,0.07717118,0.02251156
0.06694811305039049,0.07580472,0.022540882
0.06710067218979222,0.06524228,0.02251318
0.06725323132919396,0.06829459,0.022501335
0.06740579046859568,0.06464411,0.022482235
0.06755834960799742,0.069383025,0.02250649
0.06771090874739914,0.06159,0.022435393
0.06786346788680088,0.05379929,0.022396535
0.06801602702620262,0.06785971,0.022392143
0.06816858616560434,0.07099672,0.022371909
0.06832114530500609,0.06742569,0.022389622
0.06847370444440781,0.06650271,0.022383308
0.06862626358380955,0.068663895,0.022340242
0.06877882272321127,0.07203029,0.022339977
0.06893138186261301,0.06608455,0.02231338
0.06908394100201475,0.07362916,0.022278236
0.06923650014141647,0.0766027,0.022269163
0.06938905928081822,0.0728388,0.02226963
0.06954161842021994,0.080030076,0.022257295
0.06969417755962168,0.063405894,0.022204991
0.0698467366990234,0.059234273,0.022206143
0.06999929583842514,0.056297604,0.022208238
0.07015185497782687,0.06466383,0.022179114
0.0703044141172286,0.068650395,0.022163387
0.07045697325663033,0.066837974,0.022123622
0.07060953239603207,0.062892795,0.022102846
0.07076209153543381,0.06362061,0.022107968
0.07091465067483553,0.06465117,0.022094408
0.07106720981423727,0.07065301,0.022088766
0.071219768953639,0.05895254,0.022068586
0.07137232809304073,0.061717644,0.022033898
0.07152488723244246,0.060078755,0.022007689
0.07167744637184419,0.066559196,0.02204079
0.07183000551124594,0.06937597,0.022019213
0.07198256465064766,0.06231666,0.021989167
0.0721351237900494,0.06464124,0.021969844
0.07228768292945113,0.06946914,0.02197409
0.07244024206885286,0.071920864,0.021919107
0.07259280120825459,0.06557082,0.02193137
0.07274536034765632,0.053465605,0.02191248
0.07289791948705805,0.06124148,0.021885166
0.07305047862645979,0.058616485,0.021888077
0.07320303776586153,0.05242261,0.021858273
0.07335559690526326,0.057468396,0.021831594
0.07350815604466499,0.05800393,0.021811629
0.07366071518406672,0.065332755,0.02183084
0.07381327432346844,0.05943074,0.02179494
0.07396583346287018,0.06845947,0.02178436
0.07411839260227192,0.060892377,0.021774516
0.07427095174167365,0.07022347,0.021762086
0.07442351088107539,0.06460065,0.021725696
0.07457607002047711,0.06556988,0.021735152
0.07472862915987885,0.07159183,0.021722939
0.07488118829928057,0.05768336,0.021719396
0.07503374743868231,0.07758632,0.021724569
0.07518630657808405,0.08679362,0.02164881
0.07533886571748578,0.07272009,0.02164968
0.07549142485688752,0.07209522,0.021677455
0.07564398399628924,0.06297095,0.021649662
0.07579654313569098,0.069611475,0.021624362
0.07594910227509272,0.05797818,0.021590365
0.07610166141449444,0.06439172,0.021586308
0.07625422055389618,0.067681015,0.021548834
0.0764067796932979,0.06645928,0.0215628
0.07655933883269965,0.066581644,0.021541085
0.07671189797210137,0.06601761,0.02154519
0.07686445711150311,0.07164689,0.021532342
0.07701701625090485,0.065240405,0.021471292
0.07716957539030657,0.06621615,0.021465188
0.0773221345297083,0.06610493,0.02146102
0.07747469366911003,0.06593567,0.02144467
0.07762725280851177,0.054180056,0.021450395
0.0777798119479135,0.065129794,0.021423135
0.07793237108731524,0.068210356,0.021430166
0.07808493022671698,0.06788058,0.021386966
0.0782374893661187,0.062163316,0.021376092
0.07839004850552043,0.06572325,0.021366937
0.07854260764492216,0.07955754,0.021385627
0.0786951667843239,0.057793215,0.021342328
0.07884772592372563,0.061520662,0.021305382
0.07900028506312737,0.066545375,0.02128696
0.0791528442025291,0.0653748,0.021292934
0.07930540334193083,0.061774053,0.02127703
0.07945796248133256,0.06365035,0.021262262
0.07961052162073429,0.063148,0.021269483
0.07976308076013602,0.062125485,0.021230629
0.07991563989953776,0.06516549,0.021185767
0.0800681990389395,0.065115966,0.021206269
0.08022075817834123,0.07901473,0.021232974
0.08037331731774296,0.06611305,0.021189464
0.0805258764571447,0.068571046,0.021187196
0.08067843559654642,0.057904724,0.021132234
0.08083099473594815,0.06636104,0.02111343
0.08098355387534989,0.06996108,0.021128694
0.08113611301475161,0.061187472,0.021111898
0.08128867215415336,0.057527438,0.021096712
0.08144123129355509,0.067694485,0.021110611
0.08159379043295682,0.07178193,0.021042388
0.08174634957235855,0.05686244,0.021044452
0.08189890871176028,0.06952602,0.021064473
0.08205146785116202,0.074383594,0.021031767
0.08220402699056374,0.0728968,0.021010175
0.08235658612996548,0.06616694,0.021010948
0.08250914526936722,0.069325045,0.020987991
0.08266170440876895,0.06935289,0.020971358
0.08281426354817067,0.07148045,0.020970847
0.08296682268757241,0.0704118,0.020948803
0.08311938182697415,0.067871146,0.020925945
0.08327194096637587,0.07317073,0.020925498
0.08342450010577761,0.065477364,0.020910062
0.08357705924517934,0.068457626,0.020880753
0.08372961838458108,0.05946499,0.020855112
0.0838821775239828,0.055206288,0.020862592
0.08403473666338454,0.07332465,0.02087177
0.08418729580278628,0.06578139,0.020834263
0.084339854942188,0.060159203,0.020814411
0.08449241408158974,0.04955473,0.020782381
0.08464497322099146,0.051460885,0.020783758
0.08479753236039321,0.063900426,0.020789064
0.08495009149979493,0.069616795,0.02077301
0.08510265063919667,0.065967835,0.020759737
0.0852552097785984,0.05870875,0.020761397
0.08540776891800013,0.06322773,0.020703401
0.08556032805740187,0.063417494,0.020705514
0.08571288719680359,0.06626802,0.020703716
0.08586544633620533,0.06258219,0.02070197
0.08601800547560706,0.076142386,0.020682728
0.0861705646150088,0.07891429,0.02069298
0.08632312375441054,0.06787764,0.020643398
0.08647568289381226,0.061810534,0.020641483
0.086628242033214,0.0542451,0.020637527
0.08678080117261572,0.06259975,0.020610115
0.08693336031201745,0.06973863,0.020629017
0.08708591945141919,0.071625285,0.020604393
0.08723847859082093,0.066533335,0.020585923
0.08739103773022266,0.06690158,0.020566981
0.08754359686962439,0.05992715,0.020545889
0.08769615600902612,0.06550666,0.02052315
0.08784871514842785,0.057656813,0.020520184
0.08800127428782958,0.04814802,0.020512503
0.08815383342723132,0.07639799,0.020489484
0.08830639256663306,0.072475515,0.020479014
0.0884589517060348,0.07218667,0.020493863
0.08861151084543652,0.062820844,0.020465342
0.08876406998483825,0.06546855,0.020455334
0.08891662912423998,0.06453806,0.020442335
0.08906918826364171,0.06470265,0.020410925
0.08922174740304345,0.06286275,0.020391507
0.08937430654244517,0.055261713,0.020391798
0.08952686568184692,0.05651545,0.020378733
0.08967942482124865,0.055463817,0.020410541
0.08983198396065038,0.060091835,0.020372462
0.0899845431000521,0.062329926,0.020347852
0.09013710223945384,0.058897723,0.020311425
0.09028966137885558,0.06677052,0.020322286
0.0904422205182573,0.07220263,0.020322114
0.09059477965765904,0.06952147,0.020313742
0.09074733879706078,0.06342365,0.0202909
0.09089989793646251,0.084994376,0.020269606
0.09105245707586423,0.077728644,0.020261751
0.09120501621526597,0.06855727,0.020267995
0.09135757535466771,0.07149099,0.020245649
0.09151013449406943,0.070594974,0.020252444
0.09166269363347117,0.06938611,0.020230725
0.09181525277287289,0.0630278,0.020209614
0.09196781191227464,0.066265255,0.020181034
0.09212037105167636,0.0673149,0.020197045
0.0922729301910781,0.068469435,0.020167192
0.09242548933047984,0.072336964,0.02019693
0.09257804846988156,0.064885706,0.020160042
0.0927306076092833,0.06595524,0.020126635
0.09288316674868502,0.06760747,0.020119961
0.09303572588808677,0.063678876,0.020117847
0.0931882850274885,0.058874723,0.020113455
0.09334084416689023,0.05577385,0.020096684
0.09349340330629197,0.058842503,0.020110307
0.09364596244569369,0.06329864,0.020074263
0.09379852158509543,0.063163556,0.02003401
0.09395108072449715,0.06837263,0.02003983
0.09410363986389889,0.06862149,0.020043023
0.09425619900330062,0.058345925,0.020007975
0.09440875814270236,0.06922608,0.020006249
0.0945613172821041,0.063922,0.019997047
0.09471387642150582,0.06786152,0.019970119
0.09486643556090756,0.056852665,0.019972837
0.09501899470030928,0.05715978,0.01994283
0.09517155383971102,0.064774215,0.019948723
0.09532411297911275,0.06748376,0.019937873
0.09547667211851449,0.06457161,0.01991538
0.09562923125791623,0.061761003,0.019895751
0.09578179039731795,0.04710695,0.01987859
0.09593434953671968,0.057283014,0.019899609
0.09608690867612141,0.058780327,0.019872349
0.09623946781552314,0.06460641,0.019880451
0.09639202695492488,0.059846014,0.019857889
0.0965445860943266,0.054163028,0.019826949
0.09669714523372835,0.05469563,0.019816758
0.09684970437313008,0.063155584,0.019810045
0.09700226351253181,0.055299897,0.0197972
0.09715482265193354,0.05597767,0.019786498
0.09730738179133527,0.05717005,0.019795107
0.09745994093073701,0.0597552,0.019773446
0.09761250007013873,0.05273652,0.019745601
0.09776505920954047,0.051632263,0.0197453
0.0979176183489422,0.057358477,0.019736562
0.09807017748834394,0.060450092,0.019732395
0.09822273662774567,0.063910015,0.01971087
0.0983752957671474,0.0619719,0.019683056
0.09852785490654914,0.055539623,0.019660803
0.09868041404595086,0.053345643,0.019692134
0.0988329731853526,0.068645045,0.019671105
0.09898553232475434,0.0714309,0.019663366
0.09913809146415607,0.060538016,0.019643547
0.0992906506035578,0.05640946,0.019618068
0.09944320974295953,0.055060547,0.019596796
0.09959576888236127,0.05505755,0.019605134
0.09974832802176299,0.05866572,0.01958663
0.09990088716116473,0.055028405,0.01958475
0.10005344630056645,0.056923896,0.019589221
0.10020600543996819,0.059040498,0.019555517
0.10035856457936992,0.06689063,0.019532245
0.10051112371877165,0.065441065,0.01956908
0.10066368285817338,0.055704646,0.01951662
0.10081624199757513,0.061410457,0.01953648
0.10096880113697687,0.057390597,0.019535236
0.1011213602763786,0.06093047,0.019482994
0.10127391941578033,0.0561837,0.019470233
0.10142647855518205,0.05862891,0.019471498
0.10157903769458379,0.055142734,0.01947199
0.10173159683398553,0.05070959,0.01945879
0.10188415597338725,0.062104326,0.01945878
0.10203671511278899,0.0619637,0.019415012
0.10218927425219071,0.062288344,0.019404981
0.10234183339159245,0.05839435,0.019415937
0.10249439253099418,0.05827738,0.019417971
0.1026469516703959,0.06699411,0.019390577
0.10279951080979764,0.07079256,0.019390613
0.10295206994919937,0.06542515,0.019359658
0.10310462908860113,0.067342736,0.0193513
0.10325718822800285,0.06545405,0.019336386
0.10340974736740459,0.07038446,0.019359272
0.10356230650680631,0.06265345,0.019326542
0.10371486564620805,0.0529412,0.019333825
0.10386742478560979,0.060686585,0.019301144
0.10401998392501151,0.06398432,0.019271936
0.10417254306441324,0.058214515,0.019276636
0.10432510220381497,0.063705906,0.01928092
0.1044776613432167,0.07090772,0.019264834
0.10463022048261844,0.07485276,0.019277588
0.10478277962202016,0.063351706,0.019265415
0.1049353387614219,0.06228314,0.019212907
0.10508789790082362,0.061766695,0.019229172
0.10524045704022536,0.062029164,0.0192249
0.1053930161796271,0.06699338,0.019215474
0.10554557531902885,0.05325567,0.019194072
0.10569813445843057,0.060687326,0.019200124
0.10585069359783231,0.060778547,0.019141475
0.10600325273723404,0.059252366,0.019161744
0.10615581187663577,0.06349543,0.019176688
0.1063083710160375,0.06300612,0.01915438
0.10646093015543923,0.062161278,0.019141072
0.10661348929484096,0.059243944,0.019112797
0.1067660484342427,0.049689956,0.019086575
0.10691860757364442,0.05909097,0.019096913
0.10707116671304616,0.057429653,0.019095575
0.10722372585244788,0.055602856,0.01909023
0.10737628499184962,0.050358173,0.019327795
0.10752884413125136,0.05974085,0.01962888
0.10768140327065308,0.044146508,0.019824155
0.10783396241005483,0.0592753,0.020046033
0.10798652154945657,0.05488742,0.020187482
0.1081390806888583,0.065577365,0.020300508
0.10829163982826003,0.05933291,0.020364096
0.10844419896766176,0.05604236,0.020468207
0.10859675810706348,0.054818977,0.020827591
0.10874931724646522,0.0640863,0.021441309
0.10890187638586696,0.06904233,0.021791358
0.10905443552526868,0.06546633,0.02212447
0.10920699466467042,0.061274502,0.022435606
0.10935955380407214,0.060561575,0.0227214
0.10951211294347388,0.055227384,0.023015875
0.10966467208287561,0.0616786,0.023298936
0.10981723122227734,0.05991359,0.023551004
0.10996979036167907,0.052966457,0.023825822
0.1101223495010808,0.04398548,0.024080528
0.11027490864048256,0.047578372,0.0243358
0.11042746777988428,0.05918425,0.024609996
0.11058002691928602,0.057492256,0.024852498
0.11073258605868774,2.7482657,0.054365143
0.11088514519808948,0.09631309,0.025387364
0.11103770433749122,0.05665372,0.025604436
0.11119026347689294,0.050749924,0.025904963
0.11134282261629468,0.052392032,0.026134245
0.1114953817556964,0.056208126,0.026423324
0.11164794089509814,0.06239598,0.02663454
0.11180050003449987,0.06780452,0.02681462
0.1119530591739016,0.06989616,0.02706066
0.11210561831330333,0.063502364,0.0271816
0.11225817745270505,0.050478447,0.027264839
0.11241073659210679,0.058291223,0.027371671
0.11256329573150854,0.06915366,0.027508436
0.11271585487091028,0.066294715,0.027629985
0.112868414010312,0.06580787,0.027732572
0.11302097314971374,0.06612877,0.027860226
0.11317353228911547,0.064498715,0.027952086
0.1133260914285172,0.062085703,0.02804938
0.11347865056791893,0.052304406,0.028139384
0.11363120970732066,0.05356415,0.028156241
0.1137837688467224,0.05817638,0.028225465
0.11393632798612413,0.06738511,0.028261853
0.11408888712552585,0.06010043,0.028266674
0.11424144626492759,0.052199803,0.028317086
0.11439400540432931,0.058046114,0.028375607
0.11454656454373105,0.06675836,0.028415855
0.11469912368313279,0.054673456,0.028421465
0.11485168282253451,0.05542573,0.028492419
0.11500424196193626,0.047679417,0.028489174
0.115156801101338,0.057042662,0.02862725
0.11530936024073973,0.04808762,0.028713025
0.11546191938014146,0.05788564,0.028802661
0.11561447851954319,0.064433314,0.028899126
0.11576703765894492,0.059175048,0.029014304
0.11591959679834665,0.052494153,0.029070541
0.11607215593774839,0.068433374,0.02920939
0.11622471507715011,0.07286968,0.02930811
0.11637727421655185,0.08603769,0.029439503
0.11652983335595357,0.06428371,0.029510772
0.11668239249535531,0.050678033,0.029561812
0.11683495163475704,0.06557511,0.029701807
0.11698751077415877,0.06256585,0.029793993
0.1171400699135605,0.06175921,0.029884867
0.11729262905296226,0.047555827,0.029993495
0.11744518819236399,0.04204553,0.030089736
0.11759774733176571,0.04692756,0.030199971
0.11775030647116745,0.041068967,0.030299323
0.11790286561056917,0.043096136,0.030365037
0.11805542474997091,0.039953098,0.03049267
0.11820798388937265,0.041663125,0.030639974
0.11836054302877437,0.042615935,0.030686801
0.11851310216817611,0.05703161,0.030800814
0.11866566130757783,0.04650107,0.030943971
0.11881822044697957,0.04726916,0.030983336
0.1189707795863813,0.055252824,0.031130318
0.11912333872578303,0.05179684,0.03119559
0.11927589786518476,0.042493593,0.03129124
0.11942845700458649,0.04912692,0.03140113
0.11958101614398822,0.048495185,0.031507794
0.11973357528338997,0.040854856,0.03163553
0.11988613442279171,0.036959555,0.031742938
0.12003869356219343,0.048409883,0.03180847
0.12019125270159517,0.039779723,0.031926222
0.1203438118409969,0.042476546,0.032034747
0.12049637098039863,0.043391854,0.032120146
0.12064893011980037,0.04958581,0.03223731
0.12080148925920209,0.049611438,0.03235634
0.12095404839860383,0.055142187,0.03246286
0.12110660753800556,0.054663084,0.032564934
0.12125916667740728,0.049841817,0.032678377
0.12141172581680902,0.043559782,0.03278992
0.12156428495621074,0.046755746,0.03292338
0.12171684409561248,0.05137826,0.033023514
0.12186940323501422,0.040906083,0.03310284
0.12202196237441594,0.042306498,0.033226077
0.12217452151381769,0.045611545,0.033337884
0.12232708065321943,0.03731739,0.033480518
0.12247963979262116,0.0421608,0.033556614
0.12263219893202289,0.051695354,0.0336528
0.12278475807142462,0.054867893,0.033776823
0.12293731721082635,0.057039615,0.033938557
0.12308987635022808,0.047718294,0.03399262
0.12324243548962982,0.03012754,0.03411808
0.12339499462903154,0.05538602,0.034238186
0.12354755376843328,0.052293945,0.03434338
0.123700112907835,0.04494281,0.034539588
0.12385267204723674,0.05039284,0.034620646
0.12400523118663848,0.056819808,0.034746222
0.1241577903260402,0.037880946,0.034856677
0.12431034946544194,0.04553276,0.034962792
0.12446290860484369,0.04937335,0.03505467
0.12461546774424542,0.040618442,0.035190504
0.12476802688364715,0.04930281,0.03533618
0.12492058602304888,0.062413067,0.03541976
0.1250731451624506,0.05004626,0.035597038
0.12522570430185234,0.03799802,0.03566245
0.12537826344125408,0.050267994,0.035794158
0.12553082258065582,0.03972938,0.03593152
0.12568338172005752,0.037322488,0.036085635
0.12583594085945926,0.034579527,0.0361938
0.125988499998861,0.036481608,0.03630995
0.12614105913826273,0.040197898,0.036456894
0.12629361827766447,0.036968563,0.036568336
0.12644617741706618,0.038605437,0.036694817
0.12659873655646792,0.044345237,0.036811814
0.12675129569586965,0.050890047,0.03700652
0.12690385483527142,0.06852347,0.03713985
0.12705641397467313,0.07003579,0.03726217
0.12720897311407486,0.05743794,0.037430238
0.1273615322534766,0.04661061,0.037526153
0.12751409139287834,0.04573694,0.037643798
0.12766665053228007,0.05048145,0.03778368
0.12781920967168178,0.038797416,0.037898846
0.12797176881108352,0.04529853,0.03804649
0.12812432795048526,0.03923999,0.03820375
0.128276887089887,0.03529717,0.038331985
0.12842944622928873,0.0334918,0.038545124
0.12858200536869044,0.034176562,0.038633473
0.12873456450809218,0.049930718,0.038788155
0.1288871236474939,0.054148152,0.038967304
0.12903968278689565,0.04230946,0.039068986
0.12919224192629739,0.0444372,0.039219752
0.12934480106569912,0.046965826,0.0394408
0.12949736020510086,0.047636453,0.039515093
0.1296499193445026,0.048637312,0.039663784
0.12980247848390433,0.04690594,0.039866965
0.12995503762330604,0.04815804,0.03997219
0.13010759676270778,0.052957837,0.040127985
0.13026015590210951,0.046558876,0.040312484
0.13041271504151125,0.051104084,0.040444314
0.130565274180913,0.0694917,0.040663663
0.1307178333203147,0.0495618,0.04079801
0.13087039245971643,0.048200224,0.040997505
0.13102295159911817,0.0523102,0.04113605
0.1311755107385199,0.053537533,0.04135134
0.13132806987792164,0.051521856,0.041482735
0.13148062901732335,0.036807146,0.041649964
0.13163318815672512,0.042024717,0.041799106
0.13178574729612685,0.046681345,0.041949566
0.1319383064355286,0.06211829,0.042259417
0.1320908655749303,0.054056466,0.04232383
0.13224342471433204,0.068600155,0.04256483
0.13239598385373377,0.07702529,0.04278797
0.1325485429931355,0.06489321,0.04285821
0.13270110213253725,0.046171684,0.04311047
0.13285366127193896,0.051228102,0.0433111
0.1330062204113407,0.045161963,0.04341356
0.13315877955074243,0.05034458,0.043662094
0.13331133869014417,0.046934705,0.043833178
0.1334638978295459,0.041634064,0.043985162
0.1336164569689476,0.07484486,0.044251043
0.13376901610834935,0.075415835,0.04451013
0.1339215752477511,0.047629118,0.0445878
0.13407413438715285,0.03925398,0.044889733
0.13422669352655456,0.028599247,0.045024034
0.1343792526659563,0.03428066,0.045200564
0.13453181180535803,0.02803828,0.045524504
0.13468437094475977,0.044961084,0.04564978
0.1348369300841615,0.04271472,0.045843847
0.1349894892235632,0.033860482,0.04610459
0.13514204836296495,0.035966348,0.04629562
0.1352946075023667,0.027537035,0.04651201
0.13544716664176842,0.03391938,0.046780393
0.13559972578117016,0.027635239,0.046966683
0.13575228492057187,0.018717892,0.047206532
0.1359048440599736,0.024066469,0.04747826
0.13605740319937534,0.026819048,0.0476659
0.13620996233877708,0.016635211,0.04793066
0.13636252147817882,0.04133026,0.048200343
0.13651508061758055,0.04173914,0.04841057
0.1366676397569823,0.05515999,0.048788037
0.13682019889638403,0.038566306,0.048959125
0.13697275803578576,0.03463717,0.04916256
0.13712531717518747,0.03645781,0.049472593
0.1372778763145892,0.025644677,0.04972376
0.13743043545399095,0.017392103,0.049962297
0.13758299459339268,0.032112774,0.05029077
0.13773555373279442,0.03518479,0.05053185
0.13788811287219613,0.07264834,0.050806068
0.13804067201159786,0.0517452,0.0512184
0.1381932311509996,0.04230825,0.051377553
0.13834579029040134,0.03171181,0.051677592
0.13849834942980307,0.033369403,0.052027002
0.1386509085692048,0.027685838,0.052263755
0.13880346770860655,0.04160881,0.05259845
0.13895602684800828,0.029236557,0.05294941
0.13910858598741002,0.037598927,0.053329706
0.13926114512681173,0.03208114,0.0535678
0.13941370426621347,0.024901038,0.053912006
0.1395662634056152,0.026658274,0.05418325
0.13971882254501694,0.024173276,0.05458614
0.13987138168441868,0.010363166,0.054920096
0.1400239408238204,0.031311497,0.05522589
0.14017649996322212,0.029699223,0.055658095
0.14032905910262386,0.019672377,0.055978835
0.1404816182420256,0.044357873,0.056325037
0.14063417738142733,0.041592643,0.05678258
0.14078673652082904,0.021877766,0.05710137
0.14093929566023078,0.028426014,0.057631485
0.14109185479963254,0.021917654,0.057965703
0.14124441393903428,0.02332184,0.058281314
0.141396973078436,0.041199617,0.058729
0.14154953221783773,0.031653933,0.059213378
0.14170209135723946,0.022578456,0.059641387
0.1418546504966412,0.01417692,0.060064312
0.14200720963604294,0.009401659,0.06052773
0.14215976877544464,0.004671752,0.060895238
0.14231232791484638,0.011880821,0.061452683
0.14246488705424812,0.016734827,0.061924353
0.14261744619364985,0.012174251,0.06233962
0.1427700053330516,0.015383431,0.06295047
