#DAT file by SAXSII - Timestamp: 09/12/2024 14:40:46
radial-q_A^-1,intensity,sigma
0.00012720999243161018,6461165.5,833.2666
0.0002797691318333428,6210151.5,540.1181
0.00043232827123507536,5934763.5,425.4096
0.000584887410636808,5568333.5,350.51678
0.0007374465500385405,5118534.0,296.30682
0.0008900056894402731,4608379.5,255.47462
0.0010425648288420058,4066617.8,222.03676
0.0011951239682437384,3529859.0,195.30511
0.001347683107645471,2991467.8,171.17986
0.0015002422470472036,2456296.0,146.29446
0.001652801386448936,1946184.5,122.399315
0.0018053605258506686,1484836.2,101.33936
0.0019579196652524016,1089559.2,83.27421
0.002110478804654134,763443.6,67.898254
0.0022630379440558668,510565.8,54.583363
0.002415597083457599,324349.97,42.125465
0.002568156222859332,196025.62,31.227081
0.0027207153622610643,116375.92,23.107212
0.0028732745016627967,67462.875,17.043
0.0030258336410645295,38157.594,12.564375
0.003178392780466262,21301.082,9.326538
0.0033309519198679947,11218.333,6.6073594
0.003483511059269727,5681.413,4.5609927
0.0036360701986714594,2755.7803,3.0911872
0.0037886293380731927,1285.9557,2.0600874
0.003941188477474925,580.4603,1.3553258
0.004093747616876658,258.10596,0.8943603
0.004246306756278391,114.872826,0.58993924
0.004398865895680123,49.920353,0.38061434
0.004551425035081855,22.55779,0.25094855
0.004703984174483589,10.442887,0.1680907
0.004856543313885321,4.9321156,0.11485003
0.005009102453287053,2.6586065,0.08529992
0.005161661592688786,1.7148883,0.06969929
0.005314220732090518,1.324732,0.06195
0.005466779871492251,1.1509928,0.058958765
0.005619339010893984,1.0901201,0.05795528
0.005771898150295716,0.92953324,0.053773638
0.0059244572896974485,0.86806035,0.05292461
0.006077016429099181,0.8524117,0.052818127
0.006229575568500914,0.7738229,0.050268326
0.006382134707902647,0.66805446,0.048244882
0.00653469384730438,0.6492728,0.047977507
0.006687252986706112,0.6576854,0.048350234
0.0068398121261078445,0.5965081,0.04664294
0.006992371265509577,0.5601522,0.04628479
0.00714493040491131,0.48831153,0.0438204
0.0072974895443130424,0.4530684,0.043752335
0.0074500486837147765,0.4385494,0.04306263
0.007602607823116509,0.4346389,0.043054916
0.007755166962518241,0.3839655,0.04208426
0.007907726101919975,0.43120936,0.041953437
0.008060285241321706,0.35615346,0.040905498
0.00821284438072344,0.38019484,0.040679283
0.00836540352012517,0.35599554,0.04038961
0.008517962659526904,0.3420863,0.03964933
0.008670521798928637,0.32568374,0.039275594
0.008823080938330369,0.31220275,0.0389054
0.008975640077732102,0.27943423,0.038543455
0.009128199217133834,0.26072517,0.03794031
0.009280758356535567,0.322934,0.038209807
0.0094333174959373,0.279683,0.037675742
0.009585876635339032,0.27625176,0.037174575
0.009738435774740765,0.29564634,0.037112843
0.009890994914142498,0.27313465,0.036527857
0.01004355405354423,0.23764122,0.036082525
0.010196113192945963,0.22394729,0.036004078
0.010348672332347694,0.23386155,0.035569698
0.010501231471749427,0.2563129,0.03552843
0.01065379061115116,0.2454049,0.035149775
0.010806349750552892,0.22896832,0.034786034
0.010958908889954625,0.22070697,0.03441591
0.011111468029356357,0.2120983,0.034365937
0.01126402716875809,0.23337035,0.0341874
0.011416586308159823,0.21426277,0.033791833
0.011569145447561555,0.18775041,0.033594463
0.011721704586963288,0.197025,0.033352118
0.01187426372636502,0.17319308,0.033067547
0.012026822865766753,0.18729332,0.032818045
0.012179382005168486,0.2010811,0.032802124
0.012331941144570218,0.22067048,0.032650195
0.012484500283971953,0.20083468,0.032334432
0.012637059423373682,0.1903354,0.032163564
0.012789618562775416,0.16583148,0.031759065
0.012942177702177147,0.17749067,0.03165841
0.01309473684157888,0.17841917,0.031568844
0.013247295980980612,0.17365171,0.031243138
0.013399855120382345,0.16738012,0.031138329
0.013552414259784077,0.17621514,0.030981086
0.013704973399185812,0.18980666,0.030893577
0.013857532538587541,0.17317961,0.030599229
0.014010091677989276,0.16253951,0.030489044
0.014162650817391008,0.1305176,0.030220857
0.014315209956792741,0.17071106,0.030149773
0.014467769096194473,0.17182113,0.02992147
0.014620328235596206,0.1948828,0.02987644
0.01477288737499794,0.1651361,0.02957256
0.01492544651439967,0.1614985,0.029514527
0.015078005653801406,0.14577033,0.029306194
0.015230564793203137,0.15641871,0.029248694
0.01538312393260487,0.14864051,0.029110137
0.015535683072006602,0.14747554,0.02885615
0.015688242211408337,0.15428774,0.02868841
0.015840801350810067,0.14958324,0.028560815
0.0159933604902118,0.1313239,0.028465621
0.016145919629613533,0.14783031,0.028352804
0.016298478769015266,0.13878457,0.028180264
0.016451037908416996,0.15071903,0.028049646
0.01660359704781873,0.13909028,0.027933443
0.016756156187220463,0.1381061,0.02776645
0.016908715326622196,0.1579822,0.02776306
0.017061274466023926,0.1377239,0.027565774
0.017213833605425662,0.17126358,0.0275052
0.017366392744827392,0.16505115,0.027355358
0.017518951884229125,0.15670149,0.027159562
0.01767151102363086,0.14626023,0.027137574
0.017824070163032592,0.14126542,0.026951144
0.01797662930243432,0.13952787,0.026811378
0.018129188441836055,0.121936224,0.026751732
0.018281747581237788,0.12601413,0.026545502
0.01843430672063952,0.144949,0.026425602
0.01858686586004125,0.13587892,0.026359536
0.018739424999442988,0.14977577,0.026290398
0.018891984138844718,0.1321006,0.026162092
0.01904454327824645,0.14037216,0.026070338
0.019197102417648184,0.13498329,0.02592292
0.019349661557049917,0.13067025,0.025793198
0.019502220696451647,0.1207942,0.02573314
0.019654779835853384,0.13588409,0.02571486
0.019807338975255117,0.1428362,0.025572065
0.019959898114656847,0.11990497,0.025457887
0.02011245725405858,0.115271114,0.025336519
0.020265016393460313,0.11105183,0.025217034
0.020417575532862046,0.124269605,0.025083866
0.020570134672263776,0.13726673,0.025058702
0.020722693811665513,0.13805978,0.024961445
0.020875252951067243,0.13402475,0.024880342
0.021027812090468976,0.12425497,0.024770468
0.02118037122987071,0.121480815,0.024649534
0.021332930369272442,0.122712776,0.024578042
0.021485489508674172,0.09734524,0.024485316
0.021638048648075905,0.11683814,0.024399566
0.02179060778747764,0.12692323,0.024354145
0.021943166926879372,0.118295655,0.024273524
0.0220957260662811,0.10617749,0.024115395
0.02224828520568284,0.114429675,0.024086772
0.022400844345084568,0.12505904,0.024013972
0.0225534034844863,0.11154832,0.023954725
0.022705962623888035,0.11350447,0.02388464
0.022858521763289768,0.110313445,0.023767387
0.023011080902691498,0.10802862,0.02363371
0.02316364004209323,0.10994268,0.023589056
0.023316199181494964,0.11037512,0.023497086
0.023468758320896697,0.10938967,0.023450777
0.023621317460298427,0.11579101,0.023374116
0.023773876599700164,0.10450531,0.02336259
0.023926435739101894,0.11179107,0.023171995
0.024078994878503627,0.12111291,0.02314959
0.02423155401790536,0.11860671,0.023084508
0.024384113157307093,0.12571989,0.023009896
0.024536672296708823,0.13177957,0.022935035
0.024689231436110556,0.11610717,0.02292345
0.024841790575512293,0.1138923,0.022734765
0.024994349714914023,0.11165474,0.02267802
0.025146908854315753,0.11352775,0.022639977
0.02529946799371749,0.10499941,0.022579914
0.025452027133119223,0.10223498,0.02249642
0.025604586272520952,0.10244237,0.022460686
0.025757145411922686,0.08916819,0.022322549
0.025909704551324422,0.09874704,0.022254417
0.026062263690726152,0.10753913,0.022270046
0.026214822830127882,0.09637321,0.022150626
0.026367381969529615,0.10388533,0.022115942
0.026519941108931352,0.10385018,0.022065273
0.02667250024833308,0.09524503,0.021988412
0.026825059387734815,0.10499973,0.021898357
0.026977618527136545,0.11331054,0.021843856
0.02713017766653828,0.1125556,0.02185088
0.02728273680594001,0.10206708,0.021739632
0.027435295945341744,0.10826456,0.021805411
0.027587855084743474,0.11297529,0.022003153
0.02774041422414521,0.10472022,0.022089291
0.027892973363546944,0.10982162,0.022085518
0.028045532502948674,0.11683718,0.022148618
0.028198091642350404,0.10250325,0.022223923
0.02835065078175214,0.11340682,0.022290051
0.028503209921153874,0.10514293,0.022267165
0.028655769060555603,0.09544489,0.022246938
0.028808328199957337,0.10179464,0.02223356
0.028960887339359073,0.10332869,0.02229119
0.029113446478760803,0.11244987,0.02229378
0.029266005618162533,0.1092046,0.022320572
0.02941856475756427,0.101042524,0.022305133
0.029571123896966003,0.10944902,0.022269739
0.029723683036367732,0.09708524,0.02224722
0.029876242175769466,0.113578945,0.022269348
0.030028801315171202,0.08847795,0.022210041
0.030181360454572932,0.085167356,0.022280693
0.030333919593974662,0.09431851,0.022245184
0.030486478733376395,0.09586849,0.022208156
0.030639037872778132,0.10529843,0.02230971
0.03079159701217986,0.09970875,0.022607552
0.030944156151581595,0.09501072,0.022768833
0.031096715290983325,0.09933152,0.02289916
0.03124927443038506,0.11022842,0.02302988
0.03140183356978679,0.104937576,0.023113327
0.03155439270918852,0.098978765,0.023180174
0.03170695184859026,0.092872694,0.023282526
0.031859510987991994,0.08794871,0.023335934
0.032012070127393724,0.09008028,0.02338012
0.032164629266795454,0.08983607,0.023485983
0.032317188406197184,0.085678704,0.023534188
0.03246974754559892,0.082724564,0.023545787
0.03262230668500065,0.082998775,0.023638159
0.03277486582440239,0.0981134,0.023696836
0.03292742496380412,0.094525635,0.023718562
0.03307998410320585,0.10919197,0.023801718
0.03323254324260758,0.09825855,0.023847934
0.03338510238200931,0.10760905,0.023875931
0.03353766152141104,0.09939623,0.023949461
0.03369022066081278,0.08968011,0.02392466
0.033842779800214516,0.08866994,0.023960423
0.033995338939616246,0.101188965,0.024067145
0.034147898079017976,0.09092222,0.024039494
0.03430045721841971,0.09884187,0.024065115
0.03445301635782144,0.09701243,0.024125721
0.03460557549722317,0.09514762,0.024190038
0.03475813463662491,0.07743457,0.024179602
0.034910693776026645,0.09186648,0.02422879
0.035063252915428375,0.08788333,0.024252355
0.035215812054830105,0.08648081,0.02426787
0.03536837119423184,0.07304894,0.02429098
0.03552093033363357,0.088634685,0.02434925
0.0356734894730353,0.09013263,0.024390273
0.03582604861243704,0.08735803,0.02442893
0.035978607751838775,0.08332315,0.02438094
0.036131166891240504,0.10613843,0.02441559
0.036283726030642234,0.10704966,0.024469698
0.036436285170043964,0.095851086,0.024577668
0.0365888443094457,0.08846717,0.02501049
0.03674140344884743,0.09163474,0.025400132
0.03689396258824917,0.09161212,0.025673319
0.0370465217276509,0.09077183,0.025917554
0.037199080867052634,0.072085544,0.026022669
0.03735164000645436,0.0823892,0.026180374
0.03750419914585609,0.068783276,0.026429754
0.03765675828525783,0.09229586,0.026642239
0.037809317424659566,0.08680756,0.026875142
0.037961876564061296,0.09678725,0.026973287
0.038114435703463026,0.08229326,0.02704018
0.038266994842864756,0.089435674,0.027236078
0.03841955398226649,0.08227476,0.027352618
0.03857211312166822,0.08726199,0.02758956
0.03872467226106996,0.0898166,0.027799096
0.03887723140047169,0.07428326,0.027888786
0.039029790539873425,0.08332073,0.027987126
0.039182349679275155,0.09295537,0.028127277
0.039334908818676885,0.101041004,0.028287236
0.03948746795807862,0.09208682,0.028477946
0.03964002709748035,0.09709231,0.028641148
0.03979258623688209,0.10114446,0.028807236
0.03994514537628382,0.10055171,0.02889636
0.040097704515685555,0.09526016,0.028988339
0.040250263655087284,0.1047716,0.029149618
0.040402822794489014,0.091948,0.029394165
0.040555381933890744,0.097073436,0.02955125
0.04070794107329248,0.08018028,0.02969115
0.04086050021269422,0.07813208,0.029727587
0.04101305935209595,0.08534267,0.02983224
0.04116561849149768,0.08574555,0.029993078
0.041318177630899414,0.07873681,0.030185914
0.04147073677030114,0.07641924,0.02996952
0.04162329590970287,0.080189,0.029124184
0.04177585504910461,0.099899426,0.028868003
0.04192841418850635,0.073037386,0.028519489
0.042080973327908076,0.0886104,0.028334545
0.042233532467309806,0.09092115,0.028171638
0.042386091606711536,0.08813596,0.028030569
0.04253865074611327,0.089361615,0.027878342
0.042691209885515,0.07381426,0.027717598
0.04284376902491674,0.08014556,0.02761984
0.04299632816431847,0.07813377,0.02753538
0.043148887303720206,0.08779916,0.027457776
0.043301446443121935,0.08542976,0.027387777
0.043454005582523665,0.077027336,0.027261825
0.043606564721925395,0.08467756,0.027230335
0.04375912386132713,0.10322111,0.027123341
0.04391168300072887,0.087707855,0.027109962
0.0440642421401306,0.084857844,0.02704461
0.044216801279532335,0.08544704,0.02697287
0.044369360418934065,0.08215192,0.026884252
0.044521919558335794,0.081666835,0.026834661
0.044674478697737524,0.08602106,0.026778191
0.04482703783713926,0.09955075,0.02677028
0.044979596976541,0.09811959,0.0267438
0.04513215611594273,0.074344374,0.026660332
0.04528471525534446,0.08489764,0.026576348
0.045437274394746194,0.071570784,0.026480153
0.045589833534147924,0.09030872,0.026520528
0.04574239267354965,0.07072701,0.02640961
0.04589495181295139,0.07767481,0.026364846
0.04604751095235313,0.08643232,0.026273295
0.046200070091754857,0.07406625,0.02623417
0.046352629231156586,0.07913274,0.026111923
0.046505188370558316,0.0791605,0.026045956
0.04665774750996005,0.082767114,0.026018532
0.04681030664936178,0.08645761,0.02591269
0.04696286578876352,0.072493084,0.025839996
0.04711542492816525,0.07345977,0.025749004
0.047267984067566986,0.07665616,0.025691072
0.047420543206968715,0.083824284,0.02562681
0.047573102346370445,0.08614323,0.025593173
0.047725661485772175,0.08848778,0.025504315
0.04787822062517391,0.07980799,0.025418766
0.04803077976457565,0.07803379,0.025360659
0.04818333890397738,0.08034327,0.025297051
0.04833589804337911,0.095035404,0.025242057
0.048488457182780845,0.08229735,0.025177384
0.048641016322182574,0.07995994,0.025127478
0.048793575461584304,0.07784426,0.025112998
0.04894613460098604,0.075506076,0.025013432
0.04909869374038778,0.07635946,0.024970567
0.04925125287978951,0.0775141,0.024919678
0.04940381201919124,0.08254009,0.024881668
0.049556371158592974,0.080237314,0.024794942
0.049708930297994704,0.072475605,0.02475152
0.04986148943739643,0.08702997,0.024724286
0.05001404857679817,0.07176232,0.024660284
0.0501666077161999,0.08479629,0.024639867
0.05031916685560163,0.087507136,0.02465604
0.05047172599500337,0.08850871,0.024661008
0.0506242851344051,0.07750736,0.024586963
0.05077684427380683,0.07077913,0.024567766
0.05092940341320856,0.06870958,0.024519669
0.0510819625526103,0.0849465,0.024495685
0.05123452169201203,0.09260002,0.024520487
0.05138708083141376,0.06529057,0.024467254
0.05153963997081549,0.05875318,0.02444909
0.05169219911021723,0.07438576,0.024446765
0.05184475824961896,0.0744667,0.024409221
0.05199731738902069,0.06923028,0.024354324
0.05214987652842243,0.075392984,0.024366532
0.05230243566782416,0.08546793,0.024374293
0.05245499480722589,0.079833865,0.024352264
0.05260755394662762,0.08468039,0.024351077
0.05276011308602935,0.07238147,0.02428273
0.05291267222543109,0.08302436,0.024274822
0.05306523136483282,0.07099548,0.024228426
0.05321779050423456,0.071655996,0.024232248
0.05337034964363629,0.07101388,0.024191884
0.05352290878303802,0.071575046,0.024204403
0.05367546792243975,0.06562159,0.024125425
0.05382802706184148,0.072268754,0.024083646
0.05398058620124322,0.08634344,0.024117606
0.05413314534064495,0.08032892,0.024085373
0.05428570448004669,0.07768607,0.024048671
0.05443826361944842,0.08233001,0.024065034
0.05459082275885015,0.07975007,0.024049273
0.054743381898251876,0.06950665,0.023988297
0.054895941037653606,0.07417297,0.02397135
0.05504850017705534,0.078117624,0.023957279
0.05520105931645708,0.07277416,0.02394295
0.055353618455858816,0.06579469,0.023936937
0.055506177595260546,0.065361254,0.023874918
0.055658736734662276,0.07833415,0.023892704
0.055811295874064006,0.07602406,0.023872325
0.055963855013465735,0.07605222,0.023866232
0.05611641415286747,0.07097091,0.023815822
0.0562689732922692,0.08016814,0.02384529
0.056421532431670945,0.061293118,0.023769366
0.056574091571072675,0.058987517,0.02373174
0.056726650710474405,0.071427114,0.023720622
0.056879209849876135,0.076914854,0.023738855
0.057031768989277865,0.07246072,0.023704141
0.0571843281286796,0.08200309,0.023700757
0.05733688726808133,0.08198143,0.023683615
0.05748944640748306,0.083285205,0.023639588
0.057642005546884804,0.07399576,0.023611462
0.057794564686286534,0.076931074,0.023604255
0.057947123825688264,0.072010316,0.023604563
0.058099682965089994,0.0784006,0.023578217
0.05825224210449173,0.07966857,0.023569373
0.05840480124389346,0.06622787,0.023523543
0.05855736038329519,0.07424779,0.023476038
0.058709919522696934,0.072676,0.023481097
0.05886247866209866,0.07228954,0.02344149
0.05901503780150039,0.06913695,0.023466343
0.05916759694090212,0.07489257,0.0234719
0.05932015608030386,0.07177767,0.02340894
0.05947271521970559,0.06448904,0.023378808
0.05962527435910732,0.06756046,0.023369124
0.05977783349850905,0.07169471,0.023348931
0.05993039263791079,0.07197529,0.023372188
0.06008295177731252,0.083251216,0.023410754
0.06023551091671425,0.08357251,0.02328306
0.06038807005611599,0.06848097,0.023263838
0.06054062919551772,0.06977787,0.02325893
0.06069318833491945,0.07932549,0.02326111
0.06084574747432118,0.06691235,0.023234077
0.06099830661372291,0.072064556,0.023221636
0.06115086575312465,0.05480395,0.023185378
0.06130342489252638,0.053000953,0.023126958
0.06145598403192812,0.063116714,0.02314616
0.06160854317132985,0.063380264,0.023162708
0.06176110231073158,0.07185665,0.02313083
0.06191366145013331,0.06510042,0.023097873
0.06206622058953504,0.06636753,0.023074837
0.062218779728936774,0.07644525,0.023044815
0.06237133886833851,0.06854491,0.023036778
0.06252389800774025,0.06747441,0.023031032
0.06267645714714197,0.06267114,0.022996405
0.0628290162865437,0.061659694,0.022989742
0.06298157542594544,0.057436205,0.022967318
0.06313413456534717,0.06814198,0.022915041
0.0632866937047489,0.06876782,0.022952596
0.06343925284415063,0.083368056,0.022922438
0.06359181198355238,0.08013056,0.022925267
0.0637443711229541,0.07469606,0.022881974
0.06389693026235584,0.07141049,0.022891803
0.06404948940175757,0.0688579,0.022849018
0.0642020485411593,0.064674005,0.022840971
0.06435460768056103,0.06560347,0.022793785
0.06450716681996276,0.07005323,0.022795713
0.0646597259593645,0.051053133,0.02278641
0.06481228509876623,0.062367484,0.022753848
0.06496484423816797,0.06292385,0.022758828
0.0651174033775697,0.07075533,0.022715779
0.06526996251697142,0.07893241,0.02271726
0.06542252165637316,0.07309512,0.02270875
0.06557508079577488,0.07615058,0.02270319
0.06572763993517662,0.07599408,0.022686794
0.06588019907457836,0.065573886,0.022632314
0.0660327582139801,0.06399272,0.022624573
0.06618531735338183,0.0765986,0.02261035
0.06633787649278355,0.0923138,0.022606118
0.06649043563218529,0.08493768,0.022590809
0.06664299477158701,0.07666381,0.022550331
0.06679555391098875,0.09773523,0.022536322
0.06694811305039049,0.08232584,0.022524793
0.06710067218979222,0.06902995,0.022528116
0.06725323132919396,0.0795281,0.022519672
0.06740579046859568,0.06549399,0.022498688
0.06755834960799742,0.059364915,0.022454161
0.06771090874739914,0.06449225,0.022434875
0.06786346788680088,0.06498769,0.022418752
0.06801602702620262,0.071201295,0.022419926
0.06816858616560434,0.057963524,0.022383971
0.06832114530500609,0.07017198,0.022393132
0.06847370444440781,0.060312625,0.022370357
0.06862626358380955,0.058054574,0.022307828
0.06877882272321127,0.06130625,0.02230893
0.06893138186261301,0.06497058,0.022324964
0.06908394100201475,0.07098905,0.022351153
0.06923650014141647,0.07284788,0.0223097
0.06938905928081822,0.071002595,0.022275586
0.06954161842021994,0.0659861,0.022234678
0.06969417755962168,0.0625844,0.022207767
0.0698467366990234,0.072845034,0.022207359
0.06999929583842514,0.072952196,0.022209335
0.07015185497782687,0.053294294,0.022179447
0.0703044141172286,0.05895127,0.02217247
0.07045697325663033,0.062431052,0.022144824
0.07060953239603207,0.06437392,0.022114355
0.07076209153543381,0.06380254,0.022108648
0.07091465067483553,0.07334368,0.022093844
0.07106720981423727,0.068470284,0.022111708
0.071219768953639,0.062481835,0.022079797
0.07137232809304073,0.06436439,0.022046296
0.07152488723244246,0.060309555,0.022030734
0.07167744637184419,0.06666831,0.021999348
0.07183000551124594,0.07768262,0.022045774
0.07198256465064766,0.0682848,0.021988401
0.0721351237900494,0.06905814,0.021984546
0.07228768292945113,0.062711135,0.021951603
0.07244024206885286,0.069947444,0.021927029
0.07259280120825459,0.06589975,0.021909371
0.07274536034765632,0.07159915,0.021907704
0.07289791948705805,0.06633693,0.021897335
0.07305047862645979,0.06271935,0.021919906
0.07320303776586153,0.05629635,0.021853594
0.07335559690526326,0.061541118,0.021804217
0.07350815604466499,0.055193212,0.021821633
0.07366071518406672,0.059785392,0.021851668
0.07381327432346844,0.064619735,0.021815121
0.07396583346287018,0.06773134,0.021805331
0.07411839260227192,0.06530061,0.021784315
0.07427095174167365,0.063029476,0.02177726
0.07442351088107539,0.067629635,0.021723134
0.07457607002047711,0.06584909,0.02172811
0.07472862915987885,0.06353425,0.021714434
0.07488118829928057,0.061594065,0.02169321
0.07503374743868231,0.05370038,0.021691678
0.07518630657808405,0.06649557,0.021664381
0.07533886571748578,0.06825646,0.021672795
0.07549142485688752,0.075887494,0.021679271
0.07564398399628924,0.07200769,0.021647923
0.07579654313569098,0.064260155,0.021623831
0.07594910227509272,0.06731714,0.021616427
0.07610166141449444,0.056995638,0.02154181
0.07625422055389618,0.06290299,0.021563334
0.0764067796932979,0.064635016,0.021567596
0.07655933883269965,0.057178535,0.021522379
0.07671189797210137,0.06271716,0.02152168
0.07686445711150311,0.060565874,0.021513905
0.07701701625090485,0.054499887,0.02145923
0.07716957539030657,0.063887395,0.02147716
0.0773221345297083,0.07324935,0.021494694
0.07747469366911003,0.055544555,0.021437703
0.07762725280851177,0.056216773,0.021446506
0.0777798119479135,0.053410716,0.021432227
0.07793237108731524,0.07409257,0.021395272
0.07808493022671698,0.06770235,0.021362325
0.0782374893661187,0.05289702,0.02137051
0.07839004850552043,0.06796383,0.021372145
0.07854260764492216,0.067076325,0.021377368
0.0786951667843239,0.06426578,0.02134959
0.07884772592372563,0.0627772,0.02130765
0.07900028506312737,0.06060828,0.021287851
0.0791528442025291,0.057252303,0.021321837
0.07930540334193083,0.06997415,0.021292426
0.07945796248133256,0.059573554,0.021251945
0.07961052162073429,0.0588438,0.02126425
0.07976308076013602,0.056789048,0.021234201
0.07991563989953776,0.061211992,0.021187829
0.0800681990389395,0.06532632,0.02123258
0.08022075817834123,0.06400488,0.02119965
0.08037331731774296,0.07518414,0.02119524
0.0805258764571447,0.06579906,0.02117098
0.08067843559654642,0.0668135,0.021146053
0.08083099473594815,0.06747938,0.02112662
0.08098355387534989,0.0566068,0.021127509
0.08113611301475161,0.067528985,0.021125404
0.08128867215415336,0.05957112,0.021099126
0.08144123129355509,0.05637092,0.021085879
0.08159379043295682,0.0651402,0.021047706
0.08174634957235855,0.06510418,0.0210205
0.08189890871176028,0.058058042,0.021042824
0.08205146785116202,0.0608689,0.02102704
0.08220402699056374,0.06123974,0.021012532
0.08235658612996548,0.060607567,0.021003872
0.08250914526936722,0.061315082,0.020974955
0.08266170440876895,0.06718112,0.020948706
0.08281426354817067,0.060195107,0.020969905
0.08296682268757241,0.06052396,0.020943413
0.08311938182697415,0.059600648,0.020931622
0.08327194096637587,0.05769756,0.020924086
0.08342450010577761,0.05511704,0.020890143
0.08357705924517934,0.0685295,0.020864746
0.08372961838458108,0.06967855,0.020870605
0.0838821775239828,0.07168517,0.020881841
0.08403473666338454,0.056567527,0.020842906
0.08418729580278628,0.05797886,0.020829475
0.084339854942188,0.06900355,0.020836432
0.08449241408158974,0.059912752,0.020783529
0.08464497322099146,0.064496025,0.02079043
0.08479753236039321,0.069863185,0.020777225
0.08495009149979493,0.07152462,0.020772988
0.08510265063919667,0.06038134,0.02075462
0.0852552097785984,0.07144782,0.020765252
0.08540776891800013,0.06809536,0.020713676
0.08556032805740187,0.07154689,0.020723697
0.08571288719680359,0.07627328,0.020715294
0.08586544633620533,0.072591804,0.02069985
0.08601800547560706,0.06549579,0.020702949
0.0861705646150088,0.06855511,0.020700041
0.08632312375441054,0.067243695,0.020621445
0.08647568289381226,0.062306464,0.020633698
0.086628242033214,0.056147538,0.020627972
0.08678080117261572,0.062591836,0.020612752
0.08693336031201745,0.05879963,0.020613559
0.08708591945141919,0.06043045,0.020594873
0.08723847859082093,0.06509301,0.020571845
0.08739103773022266,0.06902449,0.020558074
0.08754359686962439,0.06787254,0.020583717
0.08769615600902612,0.06329592,0.020549286
0.08784871514842785,0.06785086,0.020527586
0.08800127428782958,0.06318274,0.020515773
0.08815383342723132,0.0708231,0.020477768
0.08830639256663306,0.069160715,0.020463273
0.0884589517060348,0.06770844,0.020465454
0.08861151084543652,0.073211096,0.020485032
0.08876406998483825,0.07368967,0.020486018
0.08891662912423998,0.06859247,0.020460714
0.08906918826364171,0.06036401,0.020404644
0.08922174740304345,0.06082451,0.02039349
0.08937430654244517,0.06650952,0.020399395
0.08952686568184692,0.06386627,0.020391932
0.08967942482124865,0.076098196,0.020399056
0.08983198396065038,0.0739504,0.020367624
0.0899845431000521,0.070866056,0.020346846
0.09013710223945384,0.064486384,0.020306947
0.09028966137885558,0.062253114,0.020317161
0.0904422205182573,0.062214952,0.020321535
0.09059477965765904,0.063025825,0.020306392
0.09074733879706078,0.05478358,0.020285482
0.09089989793646251,0.058740314,0.020275803
0.09105245707586423,0.071279526,0.020277712
0.09120501621526597,0.072112896,0.020265441
0.09135757535466771,0.07209308,0.020239946
0.09151013449406943,0.06320069,0.020242253
0.09166269363347117,0.06262559,0.020228319
0.09181525277287289,0.069825724,0.020207163
0.09196781191227464,0.06733618,0.020179711
0.09212037105167636,0.0624649,0.020180067
0.0922729301910781,0.06464052,0.020199677
0.09242548933047984,0.067645065,0.020170886
0.09257804846988156,0.0661571,0.02015476
0.0927306076092833,0.06444942,0.020142797
0.09288316674868502,0.07108185,0.020101737
0.09303572588808677,0.07126017,0.02011399
0.0931882850274885,0.06921156,0.020091005
0.09334084416689023,0.06652233,0.020090846
0.09349340330629197,0.07422454,0.02009076
0.09364596244569369,0.078390814,0.020068636
0.09379852158509543,0.06634811,0.020024536
0.09395108072449715,0.06386618,0.0200308
0.09410363986389889,0.056719966,0.02001314
0.09425619900330062,0.06763474,0.0200084
0.09440875814270236,0.061182752,0.020002687
0.0945613172821041,0.067862466,0.01999661
0.09471387642150582,0.07313015,0.019950598
0.09486643556090756,0.06529249,0.019977374
0.09501899470030928,0.061531805,0.019960463
0.09517155383971102,0.06971489,0.019945515
0.09532411297911275,0.070679076,0.01995036
0.09547667211851449,0.064580545,0.019943789
0.09562923125791623,0.07090607,0.019914946
0.09578179039731795,0.06295173,0.019903116
0.09593434953671968,0.072221905,0.019897787
0.09608690867612141,0.072484605,0.019885134
0.09623946781552314,0.07260941,0.019882133
0.09639202695492488,0.06207645,0.019846397
0.0965445860943266,0.06407042,0.019821255
0.09669714523372835,0.06390979,0.019817598
0.09684970437313008,0.06948154,0.019817518
0.09700226351253181,0.06145418,0.019799922
0.09715482265193354,0.054288533,0.019793158
0.09730738179133527,0.060863893,0.01979162
0.09745994093073701,0.0709013,0.019763857
0.09761250007013873,0.058645304,0.019745557
0.09776505920954047,0.056037374,0.019741049
0.0979176183489422,0.06230185,0.0197452
0.09807017748834394,0.058664523,0.01974557
0.09822273662774567,0.066608004,0.019721335
0.0983752957671474,0.05877258,0.01967935
0.09852785490654914,0.058733623,0.019687314
0.09868041404595086,0.06838923,0.019696413
0.0988329731853526,0.0727359,0.019687165
0.09898553232475434,0.077670194,0.019686436
0.09913809146415607,0.068554856,0.019672208
0.0992906506035578,0.060742848,0.019615471
0.09944320974295953,0.064632334,0.019610172
0.09959576888236127,0.060064897,0.019606916
0.09974832802176299,0.051262617,0.019590195
0.09990088716116473,0.04846995,0.019591346
0.10005344630056645,0.05966223,0.019585554
0.10020600543996819,0.05352703,0.019558994
0.10035856457936992,0.058527842,0.019527417
0.10051112371877165,0.06832588,0.019556308
0.10066368285817338,0.061518732,0.019523244
0.10081624199757513,0.061873727,0.019527493
0.10096880113697687,0.060007904,0.019516036
0.1011213602763786,0.06068832,0.019489737
0.10127391941578033,0.06576504,0.019500876
0.10142647855518205,0.059812695,0.019466465
0.10157903769458379,0.06281109,0.019481014
0.10173159683398553,0.060505234,0.019449793
0.10188415597338725,0.05644245,0.019446107
0.10203671511278899,0.058086764,0.01942268
0.10218927425219071,0.05413845,0.019401077
0.10234183339159245,0.04473865,0.019409716
0.10249439253099418,0.052152447,0.019400615
0.1026469516703959,0.052913755,0.01938927
0.10279951080979764,0.049213555,0.019383073
0.10295206994919937,0.052678987,0.019357366
0.10310462908860113,0.05593825,0.019340668
0.10325718822800285,0.05342719,0.01934649
0.10340974736740459,0.051598135,0.019348491
0.10356230650680631,0.054974,0.019335054
0.10371486564620805,0.062150866,0.01932057
0.10386742478560979,0.06612019,0.019310655
0.10401998392501151,0.05890946,0.019282274
0.10417254306441324,0.05878431,0.019274278
0.10432510220381497,0.07069834,0.019307192
0.1044776613432167,0.07001579,0.01927703
0.10463022048261844,0.061694566,0.019268284
0.10478277962202016,0.05911419,0.019244257
0.1049353387614219,0.06902525,0.019234952
0.10508789790082362,0.06523364,0.019227026
0.10524045704022536,0.05832308,0.019231435
0.1053930161796271,0.052233733,0.019225884
0.10554557531902885,0.05621716,0.019206543
0.10569813445843057,0.057187457,0.019177161
0.10585069359783231,0.048148565,0.01914634
0.10600325273723404,0.048518907,0.019148659
0.10615581187663577,0.05532186,0.019142631
0.1063083710160375,0.061621383,0.019140098
0.10646093015543923,0.06669993,0.019147642
0.10661348929484096,0.06694707,0.019117823
0.1067660484342427,0.061805815,0.01908597
0.10691860757364442,0.05426747,0.01909882
0.10707116671304616,0.06487792,0.019091673
0.10722372585244788,0.062227625,0.019071095
0.10737628499184962,0.056257628,0.0193466
0.10752884413125136,0.052459195,0.019620236
0.10768140327065308,0.06283542,0.01982363
0.10783396241005483,0.054536045,0.020030992
0.10798652154945657,0.055015866,0.020194547
0.1081390806888583,0.053418186,0.02028347
0.10829163982826003,0.06262252,0.020398311
0.10844419896766176,0.06710193,0.020463763
0.10859675810706348,0.06518209,0.02082273
0.10874931724646522,0.059798907,0.021385137
0.10890187638586696,0.06034222,0.021785986
0.10905443552526868,0.05417912,0.022121035
0.10920699466467042,0.063300654,0.022433663
0.10935955380407214,0.07140408,0.022723494
0.10951211294347388,0.049522728,0.022999821
0.10966467208287561,0.05665704,0.023265488
0.10981723122227734,0.051016275,0.023548996
0.10996979036167907,0.061134525,0.023833336
0.1101223495010808,0.04543658,0.024064364
0.11027490864048256,0.056824848,0.024367247
0.11042746777988428,0.061953034,0.024595905
0.11058002691928602,0.05066603,0.024841718
0.11073258605868774,0.057349272,0.025089068
0.11088514519808948,0.05486303,0.025343368
0.11103770433749122,0.066624396,0.02562024
0.11119026347689294,0.061450288,0.025870558
0.11134282261629468,0.065820724,0.02615562
0.1114953817556964,0.057875756,0.026395561
0.11164794089509814,0.06440079,0.026620142
0.11180050003449987,0.05707086,0.026853941
0.1119530591739016,0.060431547,0.027018458
0.11210561831330333,0.06934927,0.02716337
0.11225817745270505,0.061970036,0.027251355
0.11241073659210679,0.055703208,0.027368506
0.11256329573150854,0.05504839,0.027550805
0.11271585487091028,0.051989194,0.027599378
0.112868414010312,0.059818238,0.027736897
0.11302097314971374,0.056146696,0.027882645
0.11317353228911547,0.0679148,0.027933579
0.1133260914285172,0.05310609,0.028040225
0.11347865056791893,0.05628249,0.02815821
0.11363120970732066,0.060175605,0.028140916
0.1137837688467224,0.055493664,0.028219357
0.11393632798612413,0.04876059,0.028217161
0.11408888712552585,0.052376267,0.028251998
0.11424144626492759,0.062103655,0.028338503
0.11439400540432931,0.047189225,0.028354201
0.11454656454373105,0.04128467,0.028382609
0.11469912368313279,0.038962368,0.028422164
0.11485168282253451,0.060854115,0.028445227
0.11500424196193626,0.065055214,0.028500263
0.115156801101338,0.055500112,0.028581027
0.11530936024073973,0.043872114,0.028666176
0.11546191938014146,0.055909377,0.028766872
0.11561447851954319,0.054359663,0.028868433
0.11576703765894492,0.05555653,0.028969591
0.11591959679834665,0.06306884,0.029161366
0.11607215593774839,0.056319226,0.029225217
0.11622471507715011,0.066411994,0.029313339
0.11637727421655185,0.0630008,0.029383158
0.11652983335595357,0.05946521,0.029468892
0.11668239249535531,0.051217616,0.029625801
0.11683495163475704,0.04903844,0.029703984
0.11698751077415877,0.04641767,0.029779522
0.1171400699135605,0.048413612,0.02986318
0.11729262905296226,0.047310077,0.029983612
0.11744518819236399,0.045251705,0.030089987
0.11759774733176571,0.04652244,0.03020926
0.11775030647116745,0.05869887,0.030325666
0.11790286561056917,0.06056646,0.030430466
0.11805542474997091,0.04970028,0.030487623
0.11820798388937265,0.040696383,0.030590026
0.11836054302877437,0.05235213,0.03069009
0.11851310216817611,0.05482495,0.030818837
0.11866566130757783,0.050489802,0.03090301
0.11881822044697957,0.051358502,0.030979238
0.1189707795863813,0.051624306,0.031149745
0.11912333872578303,0.06000223,0.031194784
0.11927589786518476,0.05475047,0.0313008
0.11942845700458649,0.0749068,0.031439375
0.11958101614398822,0.05500811,0.03154334
0.11973357528338997,0.051602066,0.031631097
0.11988613442279171,0.055284537,0.031714458
0.12003869356219343,0.059831776,0.031830646
0.12019125270159517,0.058209646,0.031916056
0.1203438118409969,0.06324163,0.03207639
0.12049637098039863,0.04589289,0.03212231
0.12064893011980037,0.046856485,0.032262214
0.12080148925920209,0.055464942,0.032346647
0.12095404839860383,0.06229375,0.03247014
0.12110660753800556,0.05801033,0.032561548
0.12125916667740728,0.042810254,0.03266854
0.12141172581680902,0.054406945,0.032818258
0.12156428495621074,0.05522322,0.03293029
0.12171684409561248,0.041328426,0.03300176
0.12186940323501422,0.048241064,0.03314321
0.12202196237441594,0.057647828,0.03322585
0.12217452151381769,0.055782545,0.03331913
0.12232708065321943,0.06166563,0.033431485
0.12247963979262116,0.054238044,0.033588994
0.12263219893202289,0.03578797,0.033666853
0.12278475807142462,0.040648244,0.033832323
0.12293731721082635,0.056520738,0.033930108
0.12308987635022808,0.06441447,0.033996068
0.12324243548962982,0.056338735,0.034189597
0.12339499462903154,0.045624465,0.03424571
0.12354755376843328,0.03645262,0.034375865
0.123700112907835,0.034502197,0.03447372
0.12385267204723674,0.04455495,0.034641717
0.12400523118663848,0.04155375,0.034722876
0.1241577903260402,0.059106283,0.034925703
0.12431034946544194,0.052765843,0.035017908
0.12446290860484369,0.04494197,0.035060048
0.12461546774424542,0.038482852,0.03520655
0.12476802688364715,0.043541096,0.035342645
0.12492058602304888,0.038275745,0.03541965
0.1250731451624506,0.034842137,0.035558287
0.12522570430185234,0.05150784,0.03566502
0.12537826344125408,0.043708615,0.035855524
0.12553082258065582,0.03788344,0.03593152
0.12568338172005752,0.037952267,0.036064453
0.12583594085945926,0.05761488,0.036206983
0.125988499998861,0.047684822,0.036346596
0.12614105913826273,0.033639204,0.036420926
0.12629361827766447,0.038485564,0.036570963
0.12644617741706618,0.048916146,0.03672087
0.12659873655646792,0.050321992,0.03681296
0.12675129569586965,0.050800588,0.037001323
0.12690385483527142,0.035575613,0.037126746
0.12705641397467313,0.04383604,0.037214626
0.12720897311407486,0.04070231,0.037440456
0.1273615322534766,0.044970203,0.03753809
0.12751409139287834,0.049503423,0.037631266
0.12766665053228007,0.05641955,0.037856042
0.12781920967168178,0.026833473,0.03789886
0.12797176881108352,0.03245581,0.03804649
0.12812432795048526,0.032267973,0.038208626
0.128276887089887,0.03643837,0.03834747
0.12842944622928873,0.038317308,0.038478468
0.12858200536869044,0.048464198,0.03868185
0.12873456450809218,0.052162874,0.03875316
0.1288871236474939,0.05035777,0.038921796
0.12903968278689565,0.059982665,0.039124265
0.12919224192629739,0.07883505,0.039348017
0.12934480106569912,0.06232544,0.039439373
0.12949736020510086,0.04748703,0.039617583
0.1296499193445026,0.05528743,0.03969102
0.12980247848390433,0.050030034,0.03985219
0.12995503762330604,0.036185186,0.040021863
0.13010759676270778,0.050243877,0.040131263
0.13026015590210951,0.042228937,0.040359277
0.13041271504151125,0.033722155,0.040474523
0.130565274180913,0.048502535,0.040675282
0.1307178333203147,0.04620734,0.040796682
0.13087039245971643,0.03153336,0.040929142
0.13102295159911817,0.028940083,0.041112114
0.1311755107385199,0.026045177,0.04135134
0.13132806987792164,0.032847025,0.041470207
0.13148062901732335,0.021906752,0.04162686
0.13163318815672512,0.044058334,0.041807998
0.13178574729612685,0.059426248,0.0419807
0.1319383064355286,0.038759895,0.042210817
0.1320908655749303,0.038170595,0.042320244
0.13224342471433204,0.028589625,0.042485088
0.13239598385373377,0.034811206,0.04275969
0.1325485429931355,0.034248415,0.04285791
0.13270110213253725,0.03145203,0.043038413
0.13285366127193896,0.034607653,0.043330163
0.1330062204113407,0.028705046,0.04341472
0.13315877955074243,0.06389771,0.04366045
0.13331133869014417,0.058953147,0.043830007
0.1334638978295459,0.06212787,0.043985162
0.1336164569689476,0.06511905,0.044222213
0.13376901610834935,0.08019188,0.04461656
0.1339215752477511,0.07345241,0.04471659
0.13407413438715285,0.060806956,0.044909023
0.13422669352655456,0.03478748,0.045023557
0.1343792526659563,0.045332953,0.045200564
0.13453181180535803,0.053779814,0.04544969
0.13468437094475977,0.045246787,0.04564899
0.1348369300841615,0.033574514,0.045843847
0.1349894892235632,0.042172734,0.04610459
0.13514204836296495,0.042831596,0.04629562
0.1352946075023667,0.032431304,0.04651201
0.13544716664176842,0.034293417,0.046780393
0.13559972578117016,0.04463018,0.046966683
0.13575228492057187,0.017919164,0.047206532
0.1359048440599736,0.03581849,0.04747826
0.13605740319937534,0.04966341,0.04773756
0.13620996233877708,0.048106372,0.04793392
0.13636252147817882,0.049471702,0.048200343
0.13651508061758055,0.029743737,0.048397753
0.1366676397569823,0.050923735,0.048695996
0.13682019889638403,0.05453183,0.04901557
0.13697275803578576,0.037515674,0.049218196
0.13712531717518747,0.045246758,0.049472593
0.1372778763145892,0.060759425,0.04972376
0.13743043545399095,0.060903512,0.049962297
0.13758299459339268,0.060678706,0.05030341
0.13773555373279442,0.0504924,0.050589636
0.13788811287219613,0.023524862,0.050799362
0.13804067201159786,0.027426952,0.051141646
0.1381932311509996,0.036734544,0.051377553
0.13834579029040134,0.04405375,0.051677592
0.13849834942980307,0.04864022,0.052027002
0.1386509085692048,0.044256374,0.052263755
0.13880346770860655,0.025803097,0.05259845
0.13895602684800828,0.02606186,0.05294905
0.13910858598741002,0.03515345,0.053197943
0.13926114512681173,0.034692217,0.0535678
0.13941370426621347,0.03393767,0.053912006
0.1395662634056152,0.04790017,0.05418325
0.13971882254501694,0.040840194,0.05458614
0.13987138168441868,0.04367807,0.054920096
0.1400239408238204,0.023814349,0.05522589
0.14017649996322212,0.03658484,0.055658095
0.14032905910262386,0.043220513,0.05597913
0.1404816182420256,0.05432587,0.056483764
0.14063417738142733,0.03211088,0.056931425
0.14078673652082904,0.023890741,0.057099447
0.14093929566023078,0.022345167,0.057492606
0.14109185479963254,0.035360415,0.057965703
0.14124441393903428,0.016758375,0.058281314
0.141396973078436,0.028173046,0.058729
0.14154953221783773,0.0176455,0.059213378
0.14170209135723946,0.013134718,0.059641387
0.1418546504966412,0.024334786,0.060064312
0.14200720963604294,0.0248477,0.06052773
0.14215976877544464,0.027811069,0.060895238
0.14231232791484638,0.020895004,0.061452683
0.14246488705424812,0.01995707,0.061924353
0.14261744619364985,0.010478016,0.06233962
0.1427700053330516,0.028910149,0.06295047
